SMILES,Y
CCOC(=O)C1=C(C)N/C(=N\C#N)NC1c1ccco1,6.05
CCCn1c(=O)c2nc(-c3cnn(Cc4nc(-c5ccc(C(F)(F)F)cc5)no4)c3)[nH]c2n(CCC)c1=O,7.26
CCCn1cc2c(nc(NC(=O)Nc3ccc(C(F)(F)F)cc3)n3nc(-c4ccco4)nc23)n1,6.87
CCn1nnc([C@H]2O[C@@H](n3cnc4c(N)nc(N[C@H](C)Cc5ccc(OC)cc5)nc43)[C@H](O)[C@@H]2O)n1,5.56
Cn1c(=O)c2[nH]c(-c3ccc(OCC(=O)N4CCc5ccccc5C4)cc3)cc2n(C)c1=O,8.06
CCCn1c(=O)c2[nH]c(-c3cnn(CC4CC(=O)N(c5ccc(F)cc5)C4)c3)nc2n(CCC)c1=O,8.01
CC(=O)c1nc(NC(=O)C2CC2)ccc1-c1ccncc1,5.44
CCCCn1cc2c(nc(NC(=O)Cc3ccccc3)n3nc(-c4ccco4)nc23)n1,7.0
CC1=C(C(=O)OC(C)C)C(c2ccco2)n2ncnc2N1,7.25
CCC(=O)Nc1nc(-c2ccsc2)cc(-c2ccsc2)n1,5.49
Cc1nn(Cc2ccccc2)c(=O)c2ncn3nc(-c4ccccc4)cc3c12,5.12
CCn1cc2c(nc(NC(=O)Nc3ccc([N+](=O)[O-])cc3)n3nc(-c4ccco4)nc23)n1,6.65
CCN(C(C)=O)c1ccc(OC)c2nc(NC(=O)N3CCC(O)(c4cccc(C(F)(F)F)c4)CC3)sc12,8.3
CCCn1c(=O)c2nc(-c3cnn(CCCc4ccccc4)c3)[nH]c2n(CCC)c1=O,7.0
CCn1c(=O)c2c(nc(Cc3ccco3)n2C)n(Cc2ccco2)c1=O,7.86
Cn1cc2c(nc(NC(=O)Nc3ccncc3)n3nc(-c4ccco4)nc23)n1,6.7
C#CCn1c(=O)c2[nH]c(Cc3cccs3)nc2n(Cc2ccco2)c1=O,6.57
O=C(Nc1cnc(-c2ccncc2F)c(-c2ncco2)n1)C1CC1,8.22
CCC(=O)Nc1cc(-c2ccco2)nc(-c2ccco2)n1,7.69
CCC(=O)Nc1nc(-c2ccc(SC)cc2)cc(-c2ccc(SC)cc2)n1,6.43
CCCn1c(=O)c2[nH]c(-c3cnn(CC#Cc4ccccc4C(=O)OC)c3)nc2n(CCC)c1=O,7.92
CCCn1c(=O)c2nc(-c3cnn(Cc4cccc(C)c4)c3)[nH]c2n(CCC)c1=O,7.44
CC(C)Cn1c(=O)[nH]c2nc(-c3cnn(Cc4cc(-c5ccccc5)on4)c3)[nH]c2c1=O,7.92
CCCn1c(=O)c2[nH]c(-c3cnn(CC4CC(=O)N(c5ccc(C#N)cc5)C4)c3)nc2n(CCC)c1=O,7.64
CCNC(=O)[C@H]1O[C@@H](n2cnc3c(NCC)nc(C#CC(O)c4ccccc4[N+](=O)[O-])nc32)[C@H](O)[C@@H]1O,5.12
CCCCc1nc2[nH]cnc2c2nc(-c3ccc(C(F)(F)F)cc3)nn12,8.22
CCn1nnc([C@H]2O[C@@H](n3cnc4c(N)nc(N[C@H](CO)Cc5ccccc5)nc43)[C@H](O)[C@@H]2O)n1,5.89
CCCn1c(-c2cccc(OC)c2)nc2nc(C3CCCC3)[nH]c2c1=O,5.96
CCCn1c(=O)c2[nH]c(-c3nn(CC(=O)Nc4ccc(Cl)cc4)c(C)c3Cl)nc2n(CCC)c1=O,6.65
CCCCn1cc2c(nc(NC(=O)Nc3ccc(Br)cc3)n3nc(-c4ccco4)nc23)n1,6.92
CCCn1c(=O)c2c(cc(-c3ccc(C)cc3)n2O)n(CCC)c1=O,6.23
CCCn1c(=O)c2[nH]c(-c3cnn(CC#Cc4ccc(F)cc4)c3)nc2n(CC)c1=O,8.14
CSc1c2c(nc(NC(=O)Cc3ccc4c(c3)OCO4)n3nc(-c4ccco4)nc23)nn1C,7.52
CCCn1c(=O)n(C)c(=O)c2[nH]c(-c3ccc(OCC(=O)N4CCC(c5ccccc5OC)CC4)cc3)cc21,8.21
CCCn1c(=O)c2[nH]c(-c3cnn(CC4CC(=O)N(c5ccc(C)cc5)C4)c3)nc2n(CCC)c1=O,8.1
CCCn1c(=O)c2nc(-c3cnn(Cc4noc(-c5ccccc5OC)n4)c3)[nH]c2n(CCC)c1=O,7.08
CCCn1c(=O)c2[nH]c(-c3cnn(CC4CC(=O)N(c5ccc(F)cc5)C4)c3)nc2n(CC)c1=O,7.92
CCN(C(C)=O)c1ccc(OC)c2nc(NC(=O)c3ccc(C#N)cc3)sc12,8.0
CCCn1c(=O)c2[nH]c(-c3ccc(OCC(=O)N4CCN(c5cnccn5)CC4)cc3)cc2n(CCC)c1=O,7.0
O=C(Nc1cnc(-c2ccncc2)c(-c2cccnc2)n1)C1CC1,7.6
CCN(C(C)=O)c1ccc(OC)c2nc(NC(=O)c3ccc(C(=O)N4CCCCC4)cc3)sc12,8.4
CCNC(=O)[C@H]1O[C@@H](n2cnc3c(NCC)nc(C#CC(O)c4ccccc4OC)nc32)[C@H](O)[C@@H]1O,5.41
CC(C)CCn1cc2c(nc(NC(=O)Cc3cccc4ccccc34)n3nc(-c4ccco4)nc23)n1,7.55
O=c1[nH]c2nc(-c3cnn(Cc4cccc(C(F)(F)F)c4)c3)[nH]c2c(=O)n1CC1CC1,8.52
O=C(Nc1cnc(-c2ccncc2)c(-c2ccccc2F)n1)C1CC1,9.0
CCN(C(C)=O)c1ccc(OC)c2nc(NC(=O)c3ccc(C(=O)OC)cc3)sc12,7.82
CC1=C(C(=O)OC(C)C)C(c2ccsc2)NC(=O)N1,7.25
CCCn1c(=O)c2c(nc3n2CCCN3CCc2ccc(OCC(=O)NCCN(CC)CC)cc2)n(CCC)c1=O,6.75
CCCn1c(=O)c2nc(-c3cnn(Cc4ccc(OC)c(C(F)(F)F)c4)c3)[nH]c2n(CCC)c1=O,6.39
CCCCn1cc2c(nc(NC(=O)Nc3ccc(Cl)cc3)n3nc(-c4ccco4)nc23)n1,7.06
Cn1cc2c(nc(NC(=O)Nc3ccccc3)n3nc(-c4ccco4)nc23)n1,6.65
CCCn1c(=O)c2nc(-c3cnn(Cc4cccc(Cl)c4)c3)[nH]c2n(CCC)c1=O,7.75
OC[C@@]12C[C@@H]1[C@@H](n1cnc3c(NCc4cccc(I)c4)nc(Cl)nc31)[C@H](O)[C@@H]2O,4.39
CCCn1c(=O)c2nc([C@]34CC[C@](/C=C/C(=O)O)(CC3)CC4)[nH]c2n(CCC)c1=O,7.0
CCCn1c(=O)c2nc(-c3cnn(Cc4cc(-c5ccc(C(F)(F)F)cc5)on4)c3)[nH]c2n(CCC)c1=O,7.32
Cc1c(S(C)(=O)=O)c(=O)[nH]c2ccc(OCC(=O)NCc3ccc(Cl)c(Cl)c3)cc12,5.28
CC#CCn1cc(-c2nc3c([nH]2)c(=O)n(CCC)c(=O)n3CCC)cn1,7.64
CCCn1c(=O)c2c(nc3n2CCCN3CCc2ccc(OCC(=O)NCCCNC3CCCCC3)cc2)n(CCC)c1=O,6.51
CCn1c(=O)c2[nH]c(-c3ccc(OCC(=O)Nc4nc5ccccc5[nH]4)cc3)nc2n(CCCOC)c1=O,7.03
CCCn1c(=O)c2[nH]c(-c3cc(OCC(=O)Nc4ccc5c(c4)OCO5)nn3C)nc2n(CCC)c1=O,8.26
Cn1cc(Nc2ncc(-c3ccncn3)c(-c3ccco3)n2)ccc1=O,7.55
Cn1c(=O)c2[nH]c(-c3ccc(OCC(=O)N4CCN(c5ccc(Br)cc5)CC4)cc3)cc2n(C)c1=O,8.46
CCN(C(C)=O)c1ccc(OC)c2nc(NC(=O)c3ccc(NS(C)(=O)=O)cc3)sc12,7.66
CCCn1c(=O)c2[nH]c(-c3ccc(S(C)(=O)=O)cc3)c(O)c2n(C)c1=O,7.19
CCn1nnc([C@H]2O[C@@H](n3cnc4c(N)nc(N[C@H](CO)Cc5ccc([N+](=O)[O-])cc5)nc43)[C@H](O)[C@@H]2O)n1,5.44
CCNC(=O)[C@H]1O[C@@H](n2cnc3c(NC4CCCC4)nc(Cl)nc32)[C@H](O)[C@@H]1O,4.73
CCCn1c(=O)c2nc(-c3cnn(Cc4nc(-c5ccccc5Cl)no4)c3)[nH]c2n(CCC)c1=O,7.72
CCCn1c(=O)c2nc(-c3cc(C)nn3CC)[nH]c2n(CCC)c1=O,5.68
CCCn1c(=O)c2[nH]c(-c3ccc(OCC4CC(=O)N(c5cccc(F)c5)C4)nc3)nc2n(CCC)c1=O,8.34
CCCn1c(=O)c2c(nc(Cc3ccco3)n2C)n(Cc2ccco2)c1=O,7.72
CC1=C(C(=O)OC(C)C)C(c2cc[nH]c2)n2c(nc3ccccc32)N1,6.29
CCCn1c(=O)c2[nH]c(-c3cnn(CC4CCN(c5ccc(OC)cc5)C4)c3)nc2n(CCC)c1=O,7.89
Cn1cc2c(nc(NC(=O)Nc3ccc(Br)cc3)n3nc(-c4ccco4)nc23)n1,6.74
CCCn1c(=O)c2nc(-c3cnn(Cc4nc(-c5cccc(C(F)(F)F)c5)no4)c3)[nH]c2n(CCC)c1=O,7.38
CCOC(=O)c1c(-c2ccco2)nc(=O)[nH]c1C,5.46
CCCn1cc2c(nc(NC(=O)Cc3ccccc3)n3nc(-c4ccco4)nc23)n1,6.84
CCOC(=O)C1=C(C)Nc2nc3ccccc3n2C1c1ccns1,7.01
Cn1c(=O)c2[nH]c(-c3ccc(OC(C)(C)C(=O)N4CCN(c5ccccc5)CC4)cc3)cc2n(C)c1=O,7.5
CCN(C(C)=O)c1ccc(OC)c2nc(NC(=O)c3ccc(S(C)(=O)=O)cc3)sc12,7.72
Cn1cc2c(nc(NC(=O)Cc3ccccc3)n3nc(-c4ccco4)nc23)n1,6.78
CCCn1c(=O)c2[nH]c(-c3cnn(CC#Cc4cccc(C(=O)O)c4)c3)nc2n(CCC)c1=O,8.28
CCCn1c(=O)c2[nH]c(-c3cnn(CC(=O)N4CCN(c5cccc(C(F)(F)F)c5)CC4)c3)nc2n(CCC)c1=O,8.82
CCCn1c(=O)c2[nH]c(-c3cnn(CC#Cc4ccc(OC(F)(F)F)cc4)c3)nc2n(CC)c1=O,8.0
Cn1c(=O)c2[nH]c(-c3ccc(OCC(=O)Nc4ccc(Br)cc4)cc3)cc2n(C)c1=O,8.58
CCCn1c(=O)c2c(cc(-c3ccc(OC)cc3)n2O)n(CCC)c1=O,6.32
c1coc(-c2nc3[nH]cnc3cc2-c2ccncn2)c1,7.68
CN1CCN(c2c3c(nc(N)n4nc(-c5ccco5)nc34)nn2C)CC1,7.46
CCOC(=O)C1=C(C)Nc2nccn2C1c1ccco1,6.97
C[C@@H](NC(=O)COc1ccc2[nH]c(=O)c(-c3nccs3)c(CCc3ccccc3)c2c1)c1ccccc1,6.31
N#Cc1c(-c2ccccc2)cc(-c2ccco2)nc1N,6.77
CC(C)=CCn1cc2c(nc(NC(=O)Nc3cccc(Cl)c3)n3nc(-c4ccco4)nc23)n1,7.09
CC1=C(C(=O)OC(C)C)C(c2ccno2)n2c(nc3ccccc32)N1,5.99
Cn1c(=O)c2[nH]c(-c3ccc(OCC(=O)N4CCN(c5cccc(Cl)c5)CC4)cc3)cc2n(C)c1=O,8.52
CCCn1c(=O)c2nc(-c3cnn(Cc4ccc(F)c(C(F)(F)F)c4)c3)[nH]c2n(CCC)c1=O,6.19
CCOC(=O)C1=C(C)Nc2nc3ccccc3n2C1c1cnco1,6.29
O=C(Nc1ccc(-c2ccncc2)c(-c2ccc(F)cc2)n1)C1CC1,8.4
CCn1c(=O)c2nc(-c3cnn(Cc4cccc(C(F)(F)F)c4)c3)[nH]c2n(CC)c1=O,7.89
Cc1nn(Cc2ccccc2)c(=O)c2ncn3nc(-c4ccsc4)cc3c12,5.33
O=C(Nc1ccc(-c2ccncc2)c(-c2cocn2)n1)C1CC1,6.87
Nc1nc2nn(CCc3cc(Br)c(Br)cc3Br)cc2c2nc(-c3ccco3)nn12,5.95
O=C(COc1ccccc1)Nc1nc2nn(CCCc3ccccc3)cc2c2nc(-c3ccco3)nn12,7.6
CC(=O)Nc1cc(-c2ccoc2)nc(-c2ccoc2)n1,6.52
CSc1c2c(nc(N)n3nc(-c4ccco4)nc23)nn1CCCc1ccccc1,7.51
Cc1ccc(-c2cc(-c3ccco3)nc(N)c2C#N)o1,6.36
O=C(Nc1cnc(-c2ccncc2Cl)c(-c2cccnc2)n1)C1CC1,7.07
COc1ccc(NC(=O)Nc2nc3nn(C)c(SC)c3c3nc(-c4ccco4)nn23)cc1,7.62
CCCCn1c(=O)[nH]c2nc(-c3cnn(Cc4cccc(F)c4)c3)[nH]c2c1=O,7.75
Cn1c(=O)c2nc(-c3cnn(Cc4ccccc4)c3)[nH]c2n(C)c1=O,5.64
CCCn1c(=O)c2[nH]c(-c3cc(C)n(CC(=O)Nc4ccccc4)n3)nc2n(CCC)c1=O,7.82
CCn1c(=O)c2[nH]c(-c3ccc(OCC(=O)Nc4ccc(C(C)=O)cc4)cc3)nc2n(CCCOC)c1=O,7.93
CCCn1c(=O)c2[nH]c(-c3cnn(CC4CCN(c5cccc(C(F)(F)F)c5)C4=O)c3)nc2n(CCC)c1=O,8.22
CCn1c(=O)c2[nH]c(-c3ccc(OCC(=O)Nc4cccnc4)cc3)nc2n(CCCOC)c1=O,7.47
CCCn1c(=O)c2[nH]c(-c3ccc(OCC(=O)Nc4ccc(C#N)cc4)cc3)nc2n(CCC)c1=O,8.7
CC1=C(C(=O)OC(C)C)C(c2ccoc2)NC(=O)N1,5.83
CCCn1c(=O)c2[nH]c(-c3cnn(CC#Cc4ccc(C(=O)OCC)cc4)c3)nc2n(CCC)c1=O,8.46
COc1cc(-c2cc3c([nH]2)c(=O)n(C)c(=O)n3C)ccc1OCC(=O)N1CCN(c2ccccc2)CC1,7.24
CCCn1c(=O)c2c(nc(Cc3ccccc3)n2C)n(Cc2ccco2)c1=O,7.36
CCN(C(C)=O)c1ccc(OC)c2nc(NC(=O)[C@H]3CC[C@H](NCc4cccc(C(F)(F)F)c4)CC3)sc12,7.75
CCCn1c(=O)[nH]c2nc(-c3cnn(CC#Cc4ccc(C(F)(F)F)cc4)c3)[nH]c2c1=O,8.89
CCCCn1c(=O)[nH]c2[nH]c(-c3ccc(S(=O)(=O)O)cc3)nc2c1=O,7.16
Cn1c(Cc2c(F)cccc2F)nc2c1c(=O)n(CC1CC1)c(=O)n2Cc1ccco1,7.33
Cn1c(=O)c2[nH]c(-c3ccc(OCC(=O)N4CCN(c5ccc(Cl)cc5)CC4)cc3)cc2n(C)c1=O,8.47
CCCn1c(=O)c2nc([C@]34CC[C@](CCC(=O)O)(CC3)CC4)[nH]c2n(CCC)c1=O,7.05
Cn1cc2c(nc(NC(=O)Nc3ccc(C(F)(F)F)cc3)n3nc(-c4ccco4)nc23)n1,6.54
COc1cccc2cc(C(=O)NCCCN3CCN(CCCNC(=O)c4cc5cccc(OC)c5oc4=N)CC3)c(=N)oc12,5.0
CCCn1cc2c(nc(NC(=O)Nc3cccc(OC)c3)n3nc(-c4ccco4)nc23)n1,6.76
CC(O)CNc1nc2ccccc2n2nc(-c3ccco3)nc12,7.17
CC1=C(C(=O)OC(C)C)C(c2cnoc2)n2c(nc3ccccc32)N1,7.53
CCN(CC)c1nc2ccccc2n2nc(-c3ccco3)nc12,5.62
CCOC(=O)C1=C(C)N=C(S)NC1c1cccs1,5.2
CCCn1c(=O)c2nc(-c3cnn(Cc4nc(-c5ccccc5)no4)c3)[nH]c2n(CCC)c1=O,9.0
CCCn1c(=O)c2[nH]c(-c3cnn(CC4CCN(c5cccc(F)c5)C4=O)c3)nc2n(CCC)c1=O,7.37
CC1=C(C(=O)OC(C)C)C(c2ccoc2)N/C(=N/C#N)N1,7.23
CSCCn1c(=O)c2[nH]c(Cc3cccs3)nc2n(Cc2ccco2)c1=O,7.03
CCCn1c(=O)c2[nH]c(-c3ccco3)c(OS(=O)(=O)O)c2n(CCC)c1=O,7.46
CCNc1c2c(nc(N)n3nc(-c4ccco4)nc23)nn1C,7.09
CCCn1c(=O)c2[nH]c(-c3cnn(Cc4cccc(C(F)(F)F)c4)c3)nc2n(CCC)c1=O,7.85
Cn1c(-n2nccn2)nc2c(N)nc(CCc3ccccc3)nc21,5.63
O=C(Nc1cccc(Cl)c1)Nc1nc2ccc(Cl)cc2c2nc(-c3ccco3)nn12,7.52
COc1ccc(NC(=O)Nc2nc3nn(CCc4ccccc4)cc3c3nc(-c4ccco4)nn23)cc1,7.09
CCn1cc2c(nc(NC(=O)Nc3ccc(Cl)c(Cl)c3)n3nc(-c4ccco4)nc23)n1,7.4
N#Cc1cncc(Nc2ncc(-c3ccncn3)c(-c3ccco3)n2)c1,7.16
O=C(CCc1ccccc1)Nc1nc2ccccc2n2nc(-c3ccco3)nc12,6.3
CCOC(=O)C1=C(C)Nc2nc3ccccc3n2C1c1ccoc1,7.69
CC1=C(C(=O)OC(C)C)C(c2ccoc2)n2ncnc2N1,6.46
COc1ccc(C2CCN(C(=O)COc3ccc(-c4cc5c([nH]4)c(=O)n(C)c(=O)n5C)cc3OC)CC2)cc1,7.51
CCCn1c(=O)c2[nH]c(C3CCCC3)nc2n(CCC)c1=O,7.13
C[C@@]1(O)[C@H](O)[C@@H](CO)O[C@H]1n1cnc2c(NC3CCCC3)nc(Cl)nc21,4.42
CCCn1c(=O)c2[nH]c(-c3cnn(CC#Cc4cccc(C(=O)O)c4)c3)nc2n(CC)c1=O,6.72
CCCn1c(=O)c2nc(-c3cnn(Cc4ccc(C)cc4)c3)[nH]c2n(CCC)c1=O,7.4
CCOC(=O)C1=C(C)N=C(S)NC1c1ccsc1,5.96
CCOC(=O)C1=C(C)Nc2nc3ccccc3n2C1c1cncs1,6.67
Nc1nc2ccc(Cl)cc2c2nc(-c3ccco3)nn12,7.64
CCNC(=O)[C@H]1O[C@@H](n2cnc3c(NCC)nc(C#CC(O)c4ccc(OC)cc4)nc32)[C@H](O)[C@@H]1O,5.61
CCCn1c(=O)c2[nH]c(-c3ccc(OC(C)(C)C(=O)N4CCN(c5ccccc5)CC4)cc3)cc2n(CCC)c1=O,7.61
CCOC(=O)C1=C(C)N/C(=N\C#N)NC1c1ccoc1,6.99
Cn1c(=O)c2[nH]c(-c3ccc(OCC(=O)N4CCC(O)(c5ccc(Cl)cc5)CC4)cc3)cc2n(C)c1=O,8.54
Cn1cc2c(nc(NC(=O)Nc3ccc4c(c3)OCO4)n3nc(-c4ccco4)nc23)n1,6.85
CCn1c(=O)c2[nH]c(Cc3cccs3)nc2n(Cc2ccco2)c1=O,6.92
CCN(C(C)=O)c1ccc(OC)c2nc(NC(=O)c3cnn(Cc4cccc(C(F)(F)F)c4)c3)sc12,8.4
CCn1c(=O)c2[nH]c(-c3ccco3)nc2n(CCCOC)c1=O,6.86
CCOC(=O)C1=C(C)Nc2nc3ccccc3n2C1c1nccs1,6.41
Cc1ccc(N2CCN(C(=O)C(C)Oc3ccc(-c4cc5c([nH]4)c(=O)n(C)c(=O)n5C)cc3)CC2)cc1,8.7
CN1CCN(c2c3c(nc(N)n4nc(-c5ccco5)nc34)nn2C)CC1,7.92
CCCn1c(=O)c2nc(-c3cnn(Cc4nc(-c5cccc(Cl)c5)no4)c3)[nH]c2n(CCC)c1=O,7.5
O=C(Nc1cnc(-c2ccncc2F)c(-c2ccccc2F)n1)C1CC1,9.22
CCCn1c(=O)c2[nH]c(-c3ccc(OCC(=O)N4CCc5ccccc5C4)cc3)cc2n(CCC)c1=O,8.64
COCCn1c(=O)c2[nH]c(-c3ccc(OCC(=O)N4CCN(c5ccccc5)CC4)cc3)cc2n(CCOC)c1=O,8.31
CCN(C(C)=O)c1ccc(OC)c2nc(NC(=O)c3ccc(CN(C)S(C)(=O)=O)cc3)sc12,8.4
CCCn1c(=O)c2nc(-c3cnn(Cc4cc(-c5ccccc5Cl)on4)c3)[nH]c2n(CCC)c1=O,6.96
CCCn1cc2c(nc(NC(=O)Nc3ccccc3OC)n3nc(-c4ccco4)nc23)n1,6.78
CCCn1c(=O)c2[nH]c(-c3ccc(OCC(=O)Nc4ccc(Br)cc4)cc3)c(O)c2n(CCC)c1=O,9.0
CCCn1c(=O)c2c(cc(-c3ccccc3)n2O)n(CCC)c1=O,6.17
CCCn1c(=O)n(C)c(=O)c2[nH]c(-c3ccc(OCC(=O)N4CCN(c5cccc(Cl)c5)CC4)cc3)cc21,8.22
O=C(CCc1ccccc1)NCc1ccc2[nH]c(=O)c(-c3nccs3)c(CCc3ccccc3)c2c1,6.54
CCCn1c(=O)c2[nH]c(-c3cnn(Cc4ccccc4)c3)nc2n(CCC)c1=O,7.96
CCCn1c(=O)[nH]c2nc(-c3cnn(CC#Cc4cccc(C(=O)O)c4)c3)[nH]c2c1=O,7.32
COc1cccc(-c2cc(NC(C)=O)nc(-c3cccc(OC)c3)c2)c1,7.02
CCNc1c2c(nc(NC(=O)Nc3ccc(OC)cc3)n3nc(-c4ccco4)nc23)nn1C,7.43
CC(C)(NC(=O)COc1ccc2[nH]c(=O)c(-c3nccs3)c(COc3ccccc3)c2c1)c1ccccc1,7.16
CC1=C(C(=O)OC(C)C)C(c2cocn2)n2c(nc3ccccc32)N1,7.36
CCN(C(C)=O)c1ccc(OC)c2nc(NC(=O)[C@@H]3CCN(C(=O)c4cccc(C(F)(F)F)c4)C3)sc12,7.75
O=C(Nc1cccc(Cl)c1)Nc1nc2nn(CCc3ccccc3)cc2c2nc(-c3ccco3)nn12,7.05
COc1ccc(N2CCOCC2)c2sc(NC(=O)C3(C)CCC(O)CC3)nc12,7.64
CCCn1c(=O)c2[nH]c(-c3cnn(CC#Cc4ccc(C(=O)O)cc4)c3)nc2n(CCC)c1=O,7.75
CCOC(=O)C1=C(C)Nc2nc3ccccc3n2C1c1ccno1,6.15
O=C(Nc1cnc(-c2ccncc2)c(-c2ccco2)n1)C1CCCC1,7.89
COc1cccc(-c2cc(NC(C)=O)nc(-c3cccc(OC)c3OC)c2)c1OC,6.24
CCCn1cc2c(nc(NC(=O)Nc3ccc(Cl)cc3)n3nc(-c4ccco4)nc23)n1,7.12
CCCn1c(=O)c2nc(-c3cnn(Cc4ccccc4C(F)(F)F)c3)[nH]c2n(CCC)c1=O,7.43
CCC(=O)Nc1cc(-c2ccccc2)nc(-c2ccccc2)n1,7.12
CC1=C(C(=O)OC(C)C)C(c2cn[nH]c2)n2c(nc3ccccc32)N1,6.47
Cn1c(=O)c2[nH]c(-c3ccc(OCC(=O)N4CCN(Cc5ccccc5)CC4)cc3)cc2n(C)c1=O,7.27
CCCn1c(=O)c2[nH]c(-c3cnn(CC4CC(=O)N(c5ccc(OC(F)(F)F)cc5)C4)c3)nc2n(CCC)c1=O,8.4
C[C@H](NC(=O)COc1ccc2[nH]c(=O)c(-c3nccs3)c(CCc3ccccc3)c2c1)c1ccccc1,7.55
c1coc(-c2nc3c(OCc4ccoc4)nc4ccccc4n3n2)c1,6.84
COc1cccc2cc(C(=O)NCC(O)c3ccccc3)c(=N)oc12,6.0
CCCn1c(=O)c2nc(-c3cnn(Cc4cccc(C)c4F)c3)[nH]c2n(CCC)c1=O,7.36
CCCn1c(=O)c2[nH]c(-c3ccc(OCC(=O)N4CCN(C(c5ccccc5)c5ccccc5)CC4)cc3)cc2n(CCC)c1=O,7.29
CCn1c(=O)c2c(nc(Cc3ccccc3)n2C)n(Cc2ccco2)c1=O,7.89
CCOC(=O)C1=C(C)NC(=O)NC1c1ccco1,6.23
CCCn1cc2c(nc(NC(=O)Nc3ccc(OC)cc3)n3nc(-c4ccco4)nc23)n1,5.69
O=C(Nc1nc2cccc(Cl)c2[nH]1)c1ccccc1,6.64
Oc1cccc(-c2nc(N3CCCCC3)c3nc[nH]c3n2)c1,6.8
CCn1c(=O)c2[nH]c(-c3ccc(OCC(=O)Nc4ccc(N(C)C)cc4)cc3)nc2n(CCCOC)c1=O,6.76
O=C(Cc1cccc2ccccc12)Nc1nc2nn(CCc3ccccc3)cc2c2nc(-c3ccco3)nn12,7.52
Oc1ccc(-c2nc(N3CCCCC3)c3nc[nH]c3n2)cc1,7.1
COc1cc(OCC(=O)N2CCN(c3ccc(Cl)cc3)CC2)ccc1-c1cc2c([nH]1)c(=O)n(C)c(=O)n2C,6.32
CCCCn1c(=O)[nH]c2[nH]c(-c3ccccc3)nc2c1=O,7.93
Cc1ccc(-c2cc(C(=O)NCc3ccccn3)nc(N)n2)o1,5.96
O=C(Nc1cnc(-c2c(F)cncc2F)c(-c2cccnc2)n1)C1CC1,7.58
Cc1ccc(-c2cc(C(=O)NCc3nccn3C(C)C)nc(N)n2)o1,5.73
CCn1c(=O)c2[nH]c(-c3ccc(-c4ccccc4)cc3)nc2n(CCCOC)c1=O,7.15
CCCCn1c(=O)c2nc(-c3cnn(Cc4ccccc4)c3)[nH]c2n(CCCC)c1=O,6.01
CCn1cc2c(nc(NC(=O)Nc3ccc(OC)cc3)n3nc(-c4ccco4)nc23)n1,6.61
CCn1c(=O)c2[nH]c(-c3ccc(OCC(=O)NN4CCc5ccccc5C4)cc3)nc2n(CCCOC)c1=O,7.31
CCn1nnc([C@H]2O[C@@H](n3cnc4c(N)nc(N[C@H](CO)Cc5ccc(OC)cc5)nc43)[C@H](O)[C@@H]2O)n1,5.93
CCCn1c(=O)c2nc(-c3cnn(Cc4cc(-c5ccccc5C(F)(F)F)on4)c3)[nH]c2n(CCC)c1=O,6.92
CCOC(=O)C1=C(C)Nc2nc3ccccc3n2C1c1cccs1,6.32
CC1=C(C(=O)OC(C)C)C(c2ccns2)n2c(nc3ccccc32)N1,6.76
CCCn1c(=O)c2[nH]c(-c3cc(C)n(CC(=O)Nc4ccc(F)cc4)n3)nc2n(CCC)c1=O,7.85
CCCn1c(=O)n(C)c(=O)c2[nH]c(-c3ccc(OCC(=O)N4CCC(c5ccc(OC)cc5)CC4)cc3)cc21,8.04
CC(C)(NC(=O)COc1ccc2[nH]c(=O)c(-c3nccs3)c(CCc3ccc(F)cc3)c2c1)c1ccccc1,6.98
Nc1nc2n[nH]cc2c2nc(-c3ccco3)nn12,7.29
O=C(COc1ccc2[nH]c(=O)c(-c3nccs3)c(CCc3ccccc3)c2c1)NCc1ccccc1,7.43
CCCn1c(=O)c2[nH]c(-c3ccc(C(=O)O)cc3)c(O)c2n(CCC)c1=O,6.47
CCCn1c(=O)c2[nH]c(-c3cnn(CC#Cc4ccc(F)cc4)c3)nc2n(CCC)c1=O,8.23
O=C(Nc1cnc(-c2ccncc2)c(-c2ncco2)n1)C1CC1,7.25
CCCn1c(=O)c2nc(-c3cnn(Cc4nc(-c5ccc(C#N)cc5)no4)c3)[nH]c2n(CCC)c1=O,7.75
Cn1cc2c(nc(NC(=O)Nc3cccc(Cl)c3)n3nc(-c4ccco4)nc23)n1,6.69
Cn1c(=O)c2nc(-c3ccc(S(=O)(=O)O)cc3)[nH]c2n(C)c1=O,5.88
O=C(Nc1ccc(-c2ccncc2)c(-c2ncco2)n1)C1CC1,7.5
CCCn1c(=O)[nH]c2nc(-c3cnn(CC#Cc4ccc(F)cc4)c3)[nH]c2c1=O,8.8
CCCn1c(=O)c2[nH]c(-c3ccc(OCC(=O)N4CCN(C(=O)Oc5ccccc5)CC4)cc3)cc2n(CCC)c1=O,7.69
CCCn1c(=O)c2[nH]c(-c3cnn(CC#Cc4ccc(C(F)(F)F)cc4)c3)nc2n(CCC)c1=O,8.82
Cn1c(=O)c2[nH]c(Cc3ccco3)nc2n(Cc2ccco2)c1=O,6.5
Cn1c(=O)c2[nH]c(-c3ccc(OCC(=O)N4CCN(c5ccccc5)CC4)cc3)cc2n(C)c1=O,8.28
CCC(=O)Nc1nc(-c2ccccc2F)cc(-c2ccccc2F)n1,6.51
COC(=O)/C(C#N)=C/c1cccc(OC)c1O,6.0
Cn1c(=O)c2c(nc(Cc3ccco3)n2C)n(Cc2ccco2)c1=O,7.49
O=C(COc1ccc2[nH]c(=O)c(-c3ccco3)c(CCc3ccccc3)c2c1)NCc1ccccc1,5.95
CCOC(=O)C1=C(C)Nc2nc3ccccc3n2C1c1cn[nH]c1,7.03
CCCn1c(=O)c2nc([C@]34CC[C@](C(=O)NCCC(=O)OC)(CC3)CC4)[nH]c2n(CCC)c1=O,6.3
Cn1c(=O)c2[nH]c(-c3ccc(OCC(=O)N4CCN(c5ccccn5)CC4)cc3)cc2n(C)c1=O,7.23
CCCn1cc2c(nc(NC(=O)Nc3ccccc3Cl)n3nc(-c4ccco4)nc23)n1,7.21
CCCn1c(=O)c2[nH]c(-c3ccccc3)nc2n(CCCOC)c1=O,6.49
CCCn1cc2c(nc(N)n3nc(-c4ccco4)nc23)n1,7.41
CCCn1c(=O)c2nc(-c3cnn(Cc4c(F)cccc4F)c3)[nH]c2n(CCC)c1=O,6.41
CCn1cc2c(nc(N)n3nc(-c4ccco4)nc23)n1,7.19
C=CCn1cc2c(nc(NC(=O)Nc3ccc(OC)cc3)n3nc(-c4ccco4)nc23)n1,5.69
CCCn1c(=O)c2[nH]c(-c3cc(OCC4CC(=O)N(c5ccc(F)cc5)C4)no3)nc2n(CCC)c1=O,6.68
CCCn1c(=O)c2nc(-c3ccnn3-c3ccccc3)[nH]c2n(CCC)c1=O,5.96
CC1=C(C(=O)OC(C)C)C(c2cncs2)n2c(nc3ccccc32)N1,7.17
CCCn1c(=O)c2[nH]c(-c3ccc(OCC(=O)N4CCN(c5ccccc5Cl)CC4)cc3)cc2n(CCC)c1=O,8.16
CCCn1c(=O)c2[nH]c(-c3cc(OCC#Cc4ccc(F)cc4)no3)nc2n(CCC)c1=O,7.82
CCCn1c(=O)c2nc(-c3cnn(CCc4ccccc4)c3)[nH]c2n(CCC)c1=O,7.13
CCCn1c(=O)c2nc(-c3cnn(Cc4cccc(Cl)c4F)c3)[nH]c2n(CCC)c1=O,7.24
Cc1ccc(-c2cc3c([nH]2)c(=O)n(C)c(=O)n3C)cc1,6.34
CCCn1c(=O)[nH]c2nc(-c3cnn(Cc4cc(-c5ccc(Cl)cc5)on4)c3)[nH]c2c1=O,6.77
O=C(Nc1cccc(Cl)c1)Nc1nc2nn(CCc3cc(Br)c(Br)cc3Br)cc2c2nc(-c3ccco3)nn12,5.73
CCCn1c(=O)[nH]c2nc(-c3cnn(Cc4cccc(C(F)(F)F)c4)c3)[nH]c2c1=O,8.1
O=C(Cc1ccccc1)Nc1nc2nn(CCc3ccccc3)cc2c2nc(-c3ccco3)nn12,7.46
CCC(=O)Nc1cc(-c2ccc3c(c2)OCO3)nc(-c2ccc3c(c2)OCO3)n1,5.78
COc1cccc2cc(C(=O)NC3CCCCC3)c(=N)oc12,4.7
CCCn1c(=O)c2c(nc3n2CCCN3CCc2ccc(OCC(=O)NCCCN3CCCC3)cc2)n(CCC)c1=O,6.34
CCCn1c(=O)n(C)c(=O)c2[nH]c(-c3ccc(OCC(=O)N4CCN(c5nc6ccc(Cl)cc6s5)CC4)cc3)cc21,8.24
CC1=C(C(=O)OC(C)C)C(c2nccs2)n2c(nc3ccccc32)N1,6.12
OC[C@H]1O[C@@H](n2cnc3c(NCc4cccc(I)c4)nc(Cl)nc32)[C@H](O)[C@@H]1O,5.3
CCn1c(=O)[nH]c2nc(-c3cnn(Cc4cccc(F)c4)c3)[nH]c2c1=O,7.14
CCn1c(=O)c2[nH]c(Cc3ccco3)nc2n(Cc2ccco2)c1=O,6.9
CCCn1cc2c(nc(NC(=O)Nc3cccc(Cl)c3)n3nc(-c4ccco4)nc23)n1,7.24
CCn1cc2c(nc(NC(=O)Nc3ccccc3)n3nc(-c4ccco4)nc23)n1,7.06
O=C(COc1ccc(-c2cc3c([nH]2)c(=O)n(CC2CC2)c(=O)n3CC2CC2)cc1)N1CCc2ccccc2C1,8.02
CCn1c(=O)c2[nH]c(-c3ccc(OCC(=O)Nc4ccc(C#N)cc4)cc3)nc2n(CCCOC)c1=O,8.04
Nc1nc2nn(CCc3ccccc3)cc2c2nc(-c3ccco3)nn12,8.29
CCCn1c(=O)c2[nH]c(-c3cnn(CC#Cc4ccc(C#N)cc4)c3)nc2n(CCC)c1=O,7.85
Cn1c(=O)c2[nH]c(-c3ccc(OCC(=O)N4CCC(C(=O)c5ccc(F)cc5)CC4)cc3)cc2n(C)c1=O,7.95
CCCn1c(=O)c2[nH]c(-c3cnn(CC(O)C4CC(=O)N(c5cccc(C(F)(F)F)c5)C4)c3)nc2n(CCC)c1=O,8.92
CCOC(=O)C1=C(C)Nc2nc3ccccc3n2C1c1ccon1,6.1
CCCn1c(=O)c2[nH]c(-c3cnn(CC(=O)N4CCN(c5ccc(F)cc5F)CC4)c3)nc2n(CCC)c1=O,7.97
COc1ccc(N2CCOCC2)c2sc(NC(=O)C(C)(C)Oc3ccc(F)c(F)c3)nc12,5.3
CC1=C(C(=O)OC(C)C)C(c2ccsc2)NC(=S)N1,6.38
CCCn1c(=O)c2nc(-c3cnn(Cc4cc(Cl)ccc4Cl)c3)[nH]c2n(CCC)c1=O,7.54
CCCn1c(=O)c2nc(-c3cnn(Cc4nc(-c5ccccc5OC)no4)c3)[nH]c2n(CCC)c1=O,7.09
Cn1cc2c(nc(NC(=O)Nc3ccc(F)cc3)n3nc(-c4ccco4)nc23)n1,6.65
CCCn1c(=O)[nH]c2nc(-c3cnn(Cc4noc(-c5ccc(C(F)(F)F)cc5)n4)c3)[nH]c2c1=O,7.82
O=c1[nH]c2nc(-c3cnn(Cc4noc(-c5ccc(Cl)cc5)n4)c3)[nH]c2c(=O)n1CC1CC1,7.32
Cn1c(=O)c2[nH]c(-c3ccc(OCC(=O)N4CCN(c5ccccc5Cl)CC4)cc3)cc2n(C)c1=O,8.2
CCCn1c(=O)c2[nH]c(-c3cnn(CC4CC(=O)N(c5cccc(OC(F)(F)F)c5)C4)c3)nc2n(CC)c1=O,7.76
CCCn1c(=O)c2[nH]c(-c3cc(C)n(CC(=O)Nc4ccc(Cl)c(Cl)c4)n3)nc2n(CCC)c1=O,7.4
CCOC(=O)C1=C(C)Nc2nc3ccccc3n2C1c1cc[nH]c1,6.35
Cn1c(=O)c(S(C)(=O)=O)c(CCc2ccccc2)c2cc(OCC(=O)NCc3ccccc3)ccc21,7.16
COc1cc(OCC(=O)N2CCN(c3ccccc3)CC2)ccc1-c1cc2c([nH]1)c(=O)n(C)c(=O)n2C,7.49
CC1=C(C(=O)OC(C)C)C(c2cccs2)N/C(=N/C#N)N1,6.46
CC(C)CCn1cc2c(nc(NC(=O)Nc3cccc(Cl)c3)n3nc(-c4ccco4)nc23)n1,7.21
CCOC(=O)C1=C(C)Nc2nc3ccccc3n2C1c1ccco1,7.92
CCCn1c(=O)c2[nH]c(-c3ccc(C(C)=O)cc3)c(O)c2n(CCC)c1=O,7.15
O=C(Nc1ccc(-c2ccncn2)c(-c2ccco2)n1)C1CC1,8.4
Cc1cccc(-c2cc(-c3ccco3)nc(N)c2C#N)c1,6.21
CCCn1cc2c(nc(NC(=O)Nc3ccc(C)cc3)n3nc(-c4ccco4)nc23)n1,7.34
O=C(Nc1cnc(-c2ccncc2)c(-c2ccco2)n1)C1CCC1,8.52
CCCn1c(=O)c2[nH]c(-c3cnn(CC#Cc4cccc(C(F)(F)F)c4)c3)nc2n(CCC)c1=O,8.31
CCC(=O)Nc1cc(-c2ccsc2)nc(-c2ccsc2)n1,6.78
CCn1nnc([C@H]2O[C@@H](n3cnc4c(N)nc(NC(C)Cc5ccccc5)nc43)[C@H](O)[C@@H]2O)n1,6.17
CC(C)(NC(=O)COc1ccc2[nH]c(=O)c(-c3nccs3)c(CCc3ccccc3)c2c1)c1ccccc1,7.55
CCCn1c(=O)c2nc([C@]34CC[C@](C(=O)NCC(=O)OC)(CC3)CC4)[nH]c2n(CCC)c1=O,6.68
CCCn1c(=O)c2[nH]c(-c3ccc(OCC4CC(=O)N(c5cccc(C(F)(F)F)c5)C4)nc3)nc2n(CCC)c1=O,8.06
CCCn1c(=O)c2nc(-c3cnn(Cc4cccc(OC)c4)c3)[nH]c2n(CCC)c1=O,7.47
CC1=C(C(=O)OC(C)C)C(c2ccco2)n2ccnc2N1,7.07
CCOC(=O)C1=C(C)Nc2nc3ccccc3n2C1c1ccc[nH]1,7.3
CCCn1c(=O)c2c(cc(-c3ccc(N)cc3)n2O)n(CCC)c1=O,6.81
CCCn1c(=O)c2[nH]c(-c3ccc(OCC(=O)N4CCN(c5c(Cl)cncc5Cl)CC4)cc3)cc2n(CCC)c1=O,8.12
Cn1c(=O)c2c(ncn2C)n(C)c1=O,4.47
CCCn1c(=O)c2[nH]c(-c3ccc(S(C)(=O)=O)cc3)c(O)c2n(CCC)c1=O,8.19
COc1ccc(N2CCOCC2)c2sc(NC(=O)C3(C)CCC(C)(O)CC3)nc12,6.3
CCCCn1c(=O)c2c(nc3n2CCCN3CCc2ccc(OCC(=O)NCCN3CCCC3)cc2)n(CCCC)c1=O,7.18
CCOC(=O)C1=C(C)Nc2ncnn2C1c1ccsc1,6.16
C=CCn1c(=O)c2c(nc(Cc3c(F)cccc3F)n2C)n(Cc2ccco2)c1=O,7.67
CCCn1c(=O)c2nc(-c3cnn(Cc4ccccc4F)c3)[nH]c2n(CCC)c1=O,7.55
CCCn1c(=O)c2[nH]c(-c3ccc(OCC(=O)N4CCC(c5ccccc5)(c5ccccc5)CC4)cc3)cc2n(CCC)c1=O,7.67
CCCCn1cc2c(nc(NC(=O)Nc3ccc(F)cc3)n3nc(-c4ccco4)nc23)n1,6.87
CCNC(=O)[C@H]1O[C@@H](n2cnc3c(NCC)nc(C#CC(O)c4ccccc4)nc32)[C@H](O)[C@@H]1O,5.72
CCCn1c(=O)c2[nH]c(-c3cc(C)n(CC(=O)Nc4ccc(OC)c(OC)c4)n3)nc2n(CCC)c1=O,7.22
Cn1cc2c(nc(NC(=O)Nc3ccc(Cl)c(Cl)c3)n3nc(-c4ccco4)nc23)n1,6.94
CCCn1c(=O)n(C)c(=O)c2[nH]c(-c3ccc(OCC(=O)N4CCc5ccccc5C4)cc3)cc21,7.84
CC1=C(C(=O)OC(C)C)C(c2ccon2)n2c(nc3ccccc32)N1,6.14
CCNC(=O)[C@H]1O[C@@H](n2cnc3c(NCC)nc(C#CC(O)c4cccc(OC)c4)nc32)[C@H](O)[C@@H]1O,5.9
O[C@H]1O[C@@H](n2cnc3c(NC4CCCC4)nc(Cl)nc32)[C@H](O)[C@@H]1O,4.73
CCNC(=O)[C@H]1O[C@@H](n2cnc3c(NCC)nc(C#CC4(O)CCCC4)nc32)[C@H](O)[C@@H]1O,4.58
Cn1c(=O)c2[nH]c(-c3ccc(OCC(=O)N4CCN(c5ccc(C#N)cc5)CC4)cc3)cc2n(C)c1=O,8.2
CCCn1c(=O)c2[nH]c(-c3cnn(CC#Cc4cccc(OC(F)(F)F)c4)c3)nc2n(CC)c1=O,7.89
CC1=C(C(=O)OC(C)C)C(c2ccsc2)n2c(nc3ccccc32)N1,7.53
CCn1cc2c(nc(NC(=O)Nc3ccc(C)cc3)n3nc(-c4ccco4)nc23)n1,6.88
COc1ccc(NC(=O)Nc2nc3nn(CCC(C)C)cc3c3nc(-c4ccco4)nn23)cc1,7.27
CC(=O)Nc1ccc(-c2ccncc2)c(-c2cccc(F)c2)n1,7.52
CCCn1c(=O)c2[nH]c(-c3cnn(CC#Cc4cccc(OC)c4)c3)nc2n(CCC)c1=O,8.2
O=C(Nc1cccc(Cl)c1)Nc1nc2n[nH]cc2c2nc(-c3ccco3)nn12,7.16
CCCCc1nc(N)c2nc(-n3nccn3)n(C)c2n1,6.45
CCOC(=O)C1=C(C)Nc2nc3ccccc3n2C1c1ccsc1,7.53
CCCCn1cc2c(nc(NC(=O)Nc3cccc(OC)c3)n3nc(-c4ccco4)nc23)n1,6.82
CCn1cc2c(nc(NC(=O)Nc3ccccc3OC)n3nc(-c4ccco4)nc23)n1,6.71
CCCn1c(=O)c2[nH]c(-c3ccc(OCC(=O)N4CCN(c5ccccc5)CC4)cc3)cc2n(CCC)c1=O,8.32
CCCn1c(=O)c2[nH]c(-c3cnn(CC#Cc4ccc(C)cc4)c3)nc2n(CCC)c1=O,8.19
CCCn1c(=O)c2nc(-c3cnn(Cc4ccccc4C)c3)[nH]c2n(CCC)c1=O,7.48
O=C(Cc1ccccc1)Nc1nc2ccccc2n2nc(-c3ccco3)nc12,6.6
CCn1c(=O)c2[nH]c(-c3cccs3)nc2n(CCCOC)c1=O,6.9
CC1=C(C(=O)OC(C)C)C(c2ccco2)n2c(nc3ccccc32)N1,8.46
CCCn1c(=O)c2nc(C34CC5CC(C3)C(C5)C4)[nH]c2n(CCC)c1=O,6.53
CCCn1cc2c(nc(NC(=O)Nc3ccccc3)n3nc(-c4ccco4)nc23)n1,6.62
CCCn1c(=O)c2[nH]c(-c3cc(C)n(CC(=O)Nc4ccc(Br)cc4)n3)nc2n(CCC)c1=O,7.46
CCn1c(=O)c2[nH]c(-c3ccc(OCC(=O)NC4CCCC4)cc3)nc2n(CCCOC)c1=O,7.11
CC(C)Cn1c(=O)[nH]c2nc(-c3cnn(Cc4cccc(C(F)(F)F)c4)c3)[nH]c2c1=O,7.55
CC[C@H](NC(=O)COc1ccc2[nH]c(=O)c(-c3nccs3)c(CCc3ccccc3)c2c1)c1ccccc1,7.7
CCOC(=O)C1=C(C)N(C)C(=O)NC1c1ccoc1,5.37
C=CCn1c(=O)c2c(nc(Cc3cccs3)n2C)n(Cc2ccco2)c1=O,7.67
CCCn1c(=O)c2[nH]c(-c3cnn(CC4CC(=O)N(c5cccc(OC)c5)C4)c3)nc2n(CCC)c1=O,7.67
Cn1c(=O)c2[nH]c(-c3ccc(OCC(=O)N4CCC(c5ccccc5)(c5ccccc5)CC4)cc3)cc2n(C)c1=O,8.02
COc1cccc2cc(C(=O)NCCCNC(=O)c3cc4cccc(OC)c4oc3=N)c(=N)oc12,5.0
CCOC(=O)C1=C(C)N/C(=N\C#N)NC1c1cccs1,7.29
CCn1nnc([C@H]2O[C@@H](n3cnc4c(N)nc(N[C@H](CO)Cc5ccc(Cl)cc5)nc43)[C@H](O)[C@@H]2O)n1,5.57
CCCn1c(=O)c2nc(-c3cnn(Cc4nc(-c5cccc(OC)c5)no4)c3)[nH]c2n(CCC)c1=O,7.09
CCCn1c(=O)c2[nH]c(-c3ccc(OCC(=O)N4CCN(c5nc6ccc(Cl)cc6s5)CC4)cc3)cc2n(CCC)c1=O,7.98
CCCn1c(=O)n(C)c(=O)c2[nH]c(-c3ccc(OCC(=O)N4CCN(c5ccc(C(F)(F)F)cc5)CC4)cc3)cc21,8.69
CCNC(=O)[C@H]1O[C@@H](n2cnc3c(NCC)nc(C#CCc4ccccc4)nc32)[C@H](O)[C@@H]1O,4.67
CCOC(=O)C1=C(C)Nc2ncnn2C1c1ccoc1,6.22
CCn1c(=O)c2nc(-c3cnn(Cc4ccccc4)c3)[nH]c2n(CC)c1=O,7.72
CC(=O)Nc1cc(-c2ccco2)nc(-c2ccco2)n1,7.92
CC(Oc1ccc(-c2cc3c([nH]2)c(=O)n(C)c(=O)n3C)cc1)C(=O)N1CCN(c2ccccc2Cl)CC1,7.15
COc1cc(OCC(=O)N2CCC(c3ccccc3)CC2)ccc1-c1cc2c([nH]1)c(=O)n(C)c(=O)n2C,6.05
COc1ccc(N2CCN(C(=O)COc3ccc(-c4cc5c([nH]4)c(=O)n(C)c(=O)n5C)cc3)CC2)cc1,7.88
CCSCCn1c(=O)c2[nH]c(Cc3ccco3)nc2n(Cc2ccco2)c1=O,6.19
Nc1nc2nn(CCc3cccc4ccccc34)cc2c2nc(-c3ccco3)nn12,5.37
CCCn1c(=O)n(C)c(=O)c2[nH]c(-c3ccc(OC(C)(C)C(=O)N4CCN(c5ccccc5)CC4)cc3)cc21,8.38
OCCNc1nc2ccccc2n2nc(-c3ccco3)nc12,6.91
CCCCn1c(=O)c2c(nc3n2CCCN3CCc2ccc(OCC(=O)NCCN(CC)CC)cc2)n(CCCC)c1=O,6.95
CCCn1c(=O)c2nc(-c3cnn(Cc4cc(-c5cccc(OC)c5)on4)c3)[nH]c2n(CCC)c1=O,6.88
CCCn1c(=O)c2[nH]c(-c3ccc[nH]3)nc2n(CCCOC)c1=O,6.83
CCCn1c(=O)c2[nH]c(-c3ccc(OCC(=O)N4CCN(c5ccc(C(F)(F)F)cc5)CC4)cc3)cc2n(CCC)c1=O,8.38
CCOC(=O)C1=C(C)NC(=S)NC1c1ccoc1,7.37
CN1CCN(C(=O)COc2ccc(-c3cc4c([nH]3)c(=O)n(C)c(=O)n4C)cc2)CC1,6.76
CCCn1c(=O)n(C)c(=O)c2[nH]c(-c3ccc(OCC(=O)N4CCC(c5ccccc5)(c5ccccc5)CC4)cc3)cc21,8.26
O=C(COc1ccc(-c2cc3c([nH]2)c(=O)n(CC2CC2)c(=O)n3CC2CC2)cc1)N1CCN(c2ccccc2)CC1,7.93
Cn1cc2c(nc(NC(=O)Nc3ccncc3)n3nc(-c4ccco4)nc23)n1,6.6
COc1ccc2[nH]c(=O)c(S(C)(=O)=O)c(CCc3ccccc3)c2c1,4.95
CCNc1c2c(nc(NC(=O)Nc3ccc(OC)cc3)n3nc(-c4ccco4)nc23)nn1C,7.64
CCNc1c2c(nc(NC(=O)Cc3ccc4c(c3)OCO4)n3nc(-c4ccco4)nc23)nn1C,7.19
COc1ccc(NC(=O)Nc2nc3nn(CCCc4ccccc4)cc3c3nc(-c4ccco4)nn23)cc1,6.1
CCCn1c(=O)c2[nH]c(-c3cnn(CC#Cc4cccc(C#N)c4)c3)nc2n(CCC)c1=O,8.43
CCCn1c(=O)c2nc(-c3cnn(Cc4nc(-c5cccc(C)c5)no4)c3)[nH]c2n(CCC)c1=O,6.89
CCCn1c(=O)n(C)c(=O)c2[nH]c(-c3ccc(OCC(=O)N4CCC(c5ccccc5)CC4)cc3)cc21,8.59
CCCn1c(=O)[nH]c2nc(-c3cnn(Cc4cccc(F)c4)c3)[nH]c2c1=O,7.96
CCn1cc2c(nc(NC(=O)Nc3ccc(Cl)cc3)n3nc(-c4ccco4)nc23)n1,7.07
CCCn1c(=O)c2[nH]c(-c3cc(C)n(CC(=O)Nc4ccc(OC)cc4)n3)nc2n(CCC)c1=O,7.92
O=C(c1ccccc1)c1sc(Nc2ccccc2)nc1-c1ccccc1,6.47
CCCCn1c(=O)[nH]c2nc(-c3cnn(Cc4cccc(C(F)(F)F)c4)c3)[nH]c2c1=O,7.52
CC1=C(C(=O)OC(C)C)C(c2ccoc2)n2ccnc2N1,6.56
CCCn1c(=O)c2[nH]c(-c3cnn(CC4CC(=O)N(c5cccc(C(F)(F)F)c5)C4)c3)nc2n(CC)c1=O,8.35
CCn1c(=O)c2[nH]c(-c3ccc[nH]3)nc2n(CCCOC)c1=O,7.07
CCCn1c(=O)c2[nH]c(-c3cc(C)n(CC(=O)Nc4cccc(Cl)c4)n3)nc2n(CCC)c1=O,7.55
CCOC(=O)C1=C(C)Nc2nc3ccccc3n2C1c1ncco1,6.11
CCCn1c(=O)c2[nH]c(-c3cnn(CC#Cc4cccc(OC(F)(F)F)c4)c3)nc2n(CCC)c1=O,8.44
COc1ccccc1NC(=O)Nc1nc2nn(C)cc2c2nc(-c3ccco3)nn12,6.65
CCCn1c(=O)c2nc(-c3cnn(Cc4nc(-c5ccc(OC)cc5)no4)c3)[nH]c2n(CCC)c1=O,6.97
CSc1c2c(nc(NC(=O)Cc3ccc(CC(C)C)cc3)n3nc(-c4ccco4)nc23)nn1C,6.75
CCCn1c(=O)c2[nH]c(-c3ccc(OCC4CC(=O)N(c5ccc(C(F)(F)F)cc5)C4)cc3)nc2n(CCC)c1=O,9.0
CCn1nnc([C@H]2O[C@@H](n3cnc4c(N)nc(Cl)nc43)[C@H](O)[C@@H]2O)n1,6.01
CCOC(=O)C1=C(C)Nc2nc3ccccc3n2C1c1cocn1,8.09
CCCn1c(=O)c2[nH]c(-c3cc(C)n(CC(=O)Nc4cccc(OC)c4)n3)nc2n(CCC)c1=O,7.19
COCCCNC(=O)COc1ccc2c(c1)c(CCc1ccccc1)c(-c1ccc(F)cc1F)c(=O)n2C,6.17
CCCn1c(=O)c2[nH]c(Cc3ccccc3)nc2n(Cc2ccco2)c1=O,6.93
CCCCn1cc2c(nc(NC(=O)Nc3ccc([N+](=O)[O-])cc3)n3nc(-c4ccco4)nc23)n1,7.28
CCC(=O)Nc1nc(-c2ccccc2)cc(-c2ccccc2)n1,7.37
CCn1cc2c(nc(NC(=O)Nc3ccccc3Cl)n3nc(-c4ccco4)nc23)n1,7.01
CCCn1c(=O)c2nc(-c3cnn(Cc4ccc(Cl)c(C(F)(F)F)c4)c3)[nH]c2n(CCC)c1=O,6.7
CCCn1c(=O)c2nc(-c3cnn(Cc4noc(-c5ccccc5C(F)(F)F)n4)c3)[nH]c2n(CCC)c1=O,7.0
CCCCn1cc2c(nc(N)n3nc(-c4ccco4)nc23)n1,7.28
CCCn1c(=O)c2[nH]c(-c3cnn(CCC4CC(=O)N(c5cccc(C(F)(F)F)c5)C4)c3)nc2n(CCC)c1=O,8.59
COCCn1c(=O)c2c(nc(Cc3c(F)cccc3F)n2C)n(Cc2ccco2)c1=O,7.41
O=c1ccc(Nc2ncc(-c3ccncn3)c(-c3ccco3)n2)cn1CC1CC1,6.92
CCCn1c(=O)c2[nH]c(-c3ccc(OCC(=O)N4CCN(Cc5ccccc5)CC4)cc3)c(O)c2n(CCC)c1=O,8.59
CCCn1c(=O)[nH]c2nc(-c3cnn(Cc4cc(-c5ccccc5)on4)c3)[nH]c2c1=O,7.66
CCCn1c(=O)c2[nH]c(-c3cnn(CC4CC(=O)N(c5ccc(C(F)(F)F)cc5)C4)c3)nc2n(CC)c1=O,8.4
Nc1nc2nn(CCCc3ccccc3)cc2c2nc(-c3ccco3)nn12,7.31
O=C(Nc1cnc(-c2ccncc2)c(-c2ccco2)n1)c1ccc(F)cc1,7.2
CCCn1c(=O)c2nc(-c3cnn(Cc4noc(-c5cccc(OC)c5)n4)c3)[nH]c2n(CCC)c1=O,6.87
CCCn1c(=O)c2nc(-c3cnn(CC(=O)Nc4ccccc4Cl)c3)[nH]c2n(CCC)c1=O,7.66
Cc1cc(-c2nnc(N)nc2-c2ccc(F)cc2)cc(C)n1,7.19
CC(C)Cn1c(=O)[nH]c2nc(-c3cnn(Cc4cccc(F)c4)c3)[nH]c2c1=O,7.62
CC(Oc1ccc(-c2cc3c([nH]2)c(=O)n(C)c(=O)n3C)cc1)C(=O)N1CCN(c2ccc(Br)cc2)CC1,8.09
Cn1cc2c(nc(NC(=O)Nc3ccc([N+](=O)[O-])cc3)n3nc(-c4ccco4)nc23)n1,6.75
CCCn1c(=O)c2[nH]c(-c3cnn(CC4CC(=O)N(c5cccc(OC(F)(F)F)c5)C4)c3)nc2n(CCC)c1=O,8.05
CCCn1c(=O)c2[nH]c(-c3ccc(OCC4CC(=O)N(c5cccc(C(F)(F)F)c5)C4)cc3)nc2n(CCC)c1=O,8.12
CCCn1c(=O)c2nc(-c3cnn(Cc4cc(-c5ccccc5OC)on4)c3)[nH]c2n(CCC)c1=O,6.71
CSCCn1c(=O)c2[nH]c(Cc3c(F)cccc3F)nc2n(Cc2ccco2)c1=O,6.7
CCCn1c(=O)n(C)c(=O)c2[nH]c(-c3ccc(OCC(=O)N4CCN(c5c(Cl)cncc5Cl)CC4)cc3)cc21,8.37
CCN(C(C)=O)c1ccc(OC)c2nc(NC(=O)c3ccnn3C)sc12,8.1
CCCn1c(=O)c2[nH]c(-c3cnn(C(C)C4CC(=O)N(c5cccc(C(F)(F)F)c5)C4)c3)nc2n(CCC)c1=O,8.4
COc1ccc(NC(=O)c2coc3ccccc3c2=O)cc1O,5.24
CCn1nnc([C@H]2O[C@@H](n3cnc4c(N)nc(N[C@H](CO)Cc5ccc(O)cc5)nc43)[C@H](O)[C@@H]2O)n1,6.21
N#Cc1c(-c2ccco2)cc(-c2ccccc2)nc1N,6.66
COc1cccc2cc(C(=O)NCCCCCO)c(=N)oc12,5.9
CCCn1c(=O)c2nc(-c3cnn(Cc4cc(F)ccc4Cl)c3)[nH]c2n(CCC)c1=O,5.32
Cc1ccc(-c2cc3c(c(=O)n(C)c(=O)n3C)n2O)cc1,5.65
O=C(Cc1ccccc1)Nc1nc2nn(CCCc3ccccc3)cc2c2nc(-c3ccco3)nn12,7.46
Cn1c(=O)c2c(nc3n2CCCN3CCc2c[nH]c3ccccc23)n(C)c1=O,5.0
OC[C@@]12C[C@@H]1[C@@H](n1cnc3c(NCc4cccc(I)c4)ncnc31)[C@H](O)[C@@H]2O,4.92
CCCn1c(=O)c2nc(-c3cnn(Cc4c(F)cc(F)cc4F)c3)[nH]c2n(CCC)c1=O,6.19
CCCCn1cc2c(nc(NC(=O)Nc3ccccc3Cl)n3nc(-c4ccco4)nc23)n1,7.11
CCNC(=O)[C@H]1O[C@@H](n2cnc3c(NCC)nc(C#CCCCc4ccccc4)nc32)[C@H](O)[C@@H]1O,4.62
CCOC(=O)C1=C(C)Nc2nc3ccccc3n2C1c1ncc[nH]1,6.4
CCCn1c(=O)c2[nH]c(-c3cnn(CC#CC4(O)CCCCC4)c3)nc2n(CCC)c1=O,7.0
CCCn1c(=O)c2[nH]c(-c3cc(C)n(CC(=O)Nc4ccc(C)c(C)c4)n3)nc2n(CCC)c1=O,7.32
CCn1nnc([C@H]2O[C@@H](n3cnc4c(N)nc(N[C@H](CO)Cc5ccc(Br)cc5)nc43)[C@H](O)[C@@H]2O)n1,5.65
CC1=C(C(=O)OC(C)C)C(c2cc[nH]n2)n2c(nc3ccccc32)N1,5.96
CCCn1c(=O)c2[nH]c(-c3cnn(Cc4cc(-c5ccccc5)on4)c3)nc2n(CCC)c1=O,7.85
CCCn1c(=O)c2[nH]c(-c3cnn(CC#Cc4cccc(C)c4)c3)nc2n(CCC)c1=O,8.3
CCN(C(C)=O)c1ccc(OC)c2nc(NC(=O)c3cnn(Cc4cccc(F)c4)c3)sc12,8.22
CCCn1c(=O)c2[nH]c(-c3cnn(CC#Cc4ccccc4C(=O)OCC)c3)nc2n(CCC)c1=O,8.11
COc1ncc(Nc2ncc(-c3ccncn3)c(-c3ccco3)n2)cn1,7.41
CCNC(=O)[C@H]1O[C@@H](n2cnc3c(NCC)nc(C#C[C@H](C)O)nc32)[C@H](O)[C@@H]1O,4.62
CCNc1c2c(nc(N)n3nc(-c4ccco4)nc23)nn1C,7.44
CCCn1c(=O)c2nc(-c3cnn(Cc4nc(-c5ccc(C)cc5)no4)c3)[nH]c2n(CCC)c1=O,7.27
CCCn1c(=O)c2[nH]c(-c3ccc([N+](=O)[O-])cc3)c(O)c2n(CCC)c1=O,7.3
CC(C)Cn1c(=O)[nH]c2nc(-c3cnn(Cc4ccccc4)c3)[nH]c2c1=O,7.89
O=C(Nc1cnc(-c2ccncc2)c(-c2ccco2)n1)C1CC1,8.66
CCCn1c(=O)c2[nH]c(-c3cc(OCC4CC(=O)N(c5ccc(C(F)(F)F)cc5)C4)no3)nc2n(CCC)c1=O,7.89
CCCCc1nc2[nH]cnc2c2nc(-c3ccc(OCCC)cc3)nn12,7.68
C=CCn1c(=O)c2[nH]c(Cc3cccs3)nc2n(Cc2ccco2)c1=O,6.26
CC1=C(C(=O)OC(C)C)C(c2ccco2)NC(=S)N1,7.99
Cn1c(=O)c2[nH]c(-c3ccccc3)cc2n(C)c1=O,6.74
CCCn1c(=O)c2[nH]c(-c3cnn(CC4CC(=O)N(c5ccc(OC)cc5)C4)c3)nc2n(CC)c1=O,7.8
CCCn1c(=O)c2nc(-c3cnn(Cc4ccc(C(F)(F)F)cc4)c3)[nH]c2n(CCC)c1=O,7.7
COc1cccc2cc(C(N)=O)c(=N)oc12,6.5
CCOC(=O)C1=C(C)NC(=O)NC1c1ccsc1,7.63
COC(=O)C1=C(C)NC(=O)NC1c1ccco1,5.67
CCCCc1nc2[nH]cnc2c2nc(-c3ccc(N(C)C)cc3)nn12,5.18
CCn1nnc([C@H]2O[C@@H](n3cnc4c(N)nc(N[C@H](C)Cc5ccccc5)nc43)[C@H](O)[C@@H]2O)n1,5.66
COc1ccc(NC(=O)Nc2nc3n[nH]cc3c3nc(-c4ccco4)nn23)cc1,6.46
COc1cccc(NC(=O)Nc2nc3nn(C)cc3c3nc(-c4ccco4)nn23)c1,6.6
CCCn1c(=O)c2[nH]c(-c3cnn(CC4CCN(c5ccc(C)cc5)C4)c3)nc2n(CCC)c1=O,7.92
CCCn1c(=O)c2[nH]c(-c3cc(OCC4CC(=O)N(c5cccc(F)c5)C4)no3)nc2n(CCC)c1=O,7.05
CCN(C(C)=O)c1ccc(OC)c2nc(NC(=O)c3ccc(C(=O)N4CCN(C)CC4)cc3)sc12,7.75
CCn1c(=O)c2[nH]c(-c3ccc(OCC(=O)Nc4ccccn4)cc3)nc2n(CCCOC)c1=O,7.81
CCCCn1c(=O)c2c(nc3n2CCCN3CCc2ccc(OCC(=O)NCCCN(CC)CC)cc2)n(CCCC)c1=O,6.9
CCCn1c(=O)c2nc(-c3cnn(-c4ccccc4)c3)[nH]c2n(CCC)c1=O,6.51
COc1ccc(NC(=O)Nc2nc3nn(CC=C(C)C)cc3c3nc(-c4ccco4)nn23)cc1,7.24
CCn1c(=O)[nH]c2nc(-c3cnn(Cc4ccccc4)c3)[nH]c2c1=O,7.43
Cc1ccc(-c2nc(NC(=O)C3CC3)cnc2-c2ccncc2)o1,8.66
CCCn1c(=O)c2[nH]c(-c3ccc(N)cc3)cc2n(CCC)c1=O,8.05
COc1cccc(COC(=O)c2nn(-c3ccccc3)nc2N)c1,6.72
CCCn1c(=O)n(C)c(=O)c2[nH]c(-c3ccc(OCC(=O)N4CCN(c5ccc(F)cc5)CC4)cc3)cc21,7.82
CCN(C(C)=O)c1ccc(OC)c2nc(NC(=O)c3ccc(C(=O)N(C)CCOC)cc3)sc12,7.89
CCn1c(=O)c2[nH]c(-c3ccc(OCC(=O)Nc4ccccc4)cc3)nc2n(CCCOC)c1=O,8.52
COc1ccc(NC(=O)Nc2nc3ccc(Cl)cc3c3nc(-c4ccco4)nn23)cc1,7.66
CCOC(=O)C1=C(C)NC(=O)NC1c1ccoc1,7.4
CCOC(=O)C1=C(CC)NC(=O)NC1c1ccco1,6.15
O=C(Nc1ccc(-c2ccncc2)c(-c2cccnc2)n1)C1CC1,7.48
CCN(C(C)=O)c1ccc(OC)c2nc(NC(=O)c3ccc(CN4CCCC4=O)cc3)sc12,7.85
CCCn1c(=O)c2[nH]c(-c3cnn(CC(=O)N4CCN(c5ccc(C)cc5)CC4)c3)nc2n(CCC)c1=O,8.3
CC1=C(C(=O)OC(C)C)C(c2ccoc2)n2c(nc3ccccc32)N1,7.94
CCCn1c(=O)c2[nH]c(-c3ccc(OCC4CC(=O)N(c5ccc(C(F)(F)F)cc5)C4)nc3)nc2n(CCC)c1=O,8.52
CCCCn1cc2c(nc(NC(=O)Nc3ccccc3)n3nc(-c4ccco4)nc23)n1,7.3
CCCn1c(=O)c2nc([C@]34CC[C@](CCCC(=O)O)(CC3)CC4)[nH]c2n(CCC)c1=O,6.9
CCSCCn1c(=O)c2[nH]c(Cc3cccs3)nc2n(Cc2ccco2)c1=O,6.56
COCCn1c(=O)c2c(nc(Cc3cccs3)n2C)n(Cc2ccco2)c1=O,7.56
CCn1c(=O)c2[nH]c(-c3ccc(OCC(=O)N4CCN(c5ccccc5)CC4)cc3)cc2n(CC)c1=O,7.59
CCCn1c(=O)c2c(nc(Cc3cccs3)n2C)n(Cc2ccco2)c1=O,7.83
CCCn1c(=O)c2nc([C@]34CC[C@](C(=O)N(C)CC(=O)OC)(CC3)CC4)[nH]c2n(CCC)c1=O,6.53
CCCn1c(=O)c2[nH]c(-c3cnn(CC4CC(=O)N(c5cccc(C(F)(F)F)c5)C4)c3)nc2n(CCC)c1=O,8.19
COCCn1c(=O)c2c(nc(Cc3ccccc3)n2C)n(Cc2ccco2)c1=O,7.21
CS(=O)(=O)c1c(CCc2ccccc2)c2cc(OCC(=O)NCc3ccc(Cl)c(Cl)c3)ccc2[nH]c1=O,6.68
CCCn1c(=O)c2[nH]c(-c3ccc(OCC(=O)N4CCN(c5ccccc5)CC4)cc3)cc2n(C)c1=O,7.88
CCn1cc2c(nc(NC(=O)Nc3cccc(Cl)c3)n3nc(-c4ccco4)nc23)n1,6.82
CC1=C(C(=O)OC(C)C)C(c2ccco2)NC(=O)N1C,5.94
Cn1c(=O)c2[nH]c(-c3ccc(OCC(=O)N4CCC(c5ccccc5)CC4)cc3)cc2n(C)c1=O,7.91
CCCn1c(=O)c2[nH]c(-c3cnn(Cc4cccc(F)c4)c3)nc2n(CCC)c1=O,7.85
CCSCCn1c(=O)c2[nH]c(Cc3ccccc3)nc2n(Cc2ccco2)c1=O,6.08
CCCCc1nc2[nH]cnc2c2nc(-c3ccc(OC)cc3)nn12,5.99
CCCn1c(=O)[nH]c2nc(-c3cnn(Cc4ccccc4)c3)[nH]c2c1=O,7.89
CCNC(=O)[C@H]1O[C@@H](n2cnc3c(NCC)nc(C#CC(O)C4CCCC4)nc32)[C@H](O)[C@@H]1O,5.1
CCOC(=O)C1=C(C)N(C)C(=O)NC1c1ccsc1,5.53
CC1=C(C(=O)OC(C)C)C(c2cnsc2)n2c(nc3ccccc32)N1,6.56
COc1ccc(N(C)C(C)=O)c2sc(NC(=O)c3ccc(F)cc3)nc12,7.66
CCCCn1cc2c(nc(NC(=O)Nc3ccc(OC)cc3)n3nc(-c4ccco4)nc23)n1,6.52
CCCn1c(=O)c2nc(-c3cnn(Cc4cc(C(F)(F)F)cc(Cl)c4F)c3)[nH]c2n(CCC)c1=O,6.44
CC(C)CCn1cc2c(nc(NC(=O)COc3ccccc3)n3nc(-c4ccco4)nc23)n1,7.6
O=C(Nc1ccc(O)c(O)c1)c1coc2ccccc2c1=O,5.87
CCCn1c(=O)c2[nH]c(-c3cnn(Cc4noc(-c5ccccc5)n4)c3)nc2n(CCC)c1=O,7.68
CCCn1cc2c(nc(NC(=O)Nc3ccc4c(c3)OCO4)n3nc(-c4ccco4)nc23)n1,7.28
CCOC(=O)C1=C(C)NC(=O)CC1c1ccco1,5.6
Cn1c(=O)c2nc(-c3cnn(Cc4cccc(C(F)(F)F)c4)c3)[nH]c2n(C)c1=O,9.0
O=C(Nc1cccc(Cl)c1)Nc1nc2nn(CCCc3ccccc3)cc2c2nc(-c3ccco3)nn12,6.65
O=C(Nc1ccc(-c2ccncc2)c(-c2cnco2)n1)C1CC1,7.52
Cc1ccc(NC(=O)Nc2nc3nn(C)cc3c3nc(-c4ccco4)nn23)cc1,6.52
CCOC(=O)C1=C(C)Nc2nc3ccccc3n2[C@@H]1c1cocn1,8.44
CCCn1c(=O)c2[nH]c(-c3cnn(CC#CCN4CCCC4)c3)nc2n(CCC)c1=O,6.92
CC(Oc1ccc(-c2cc3c([nH]2)c(=O)n(C)c(=O)n3C)cc1)C(=O)N1CCN(c2ccccc2)CC1,7.69
CCCn1c(=O)[nH]c2nc(-c3cnn(Cc4noc(-c5ccc(Cl)cc5)n4)c3)[nH]c2c1=O,8.15
CCCn1c(=O)c2[nH]c(-c3ccc(C)cc3)cc2n(CCC)c1=O,6.7
CC(=O)Nc1nc2ccccc2n2nc(-c3ccco3)nc12,6.6
CCCn1c(=O)[nH]c2[nH]c(-c3ccc(S(=O)(=O)Oc4ccc([N+](=O)[O-])cc4)cc3)nc2c1=O,8.27
CCCn1c(=O)c2nc(-c3cnn(Cc4nc(-c5ccc(Cl)cc5)no4)c3)[nH]c2n(CCC)c1=O,7.68
CC1=C(C(=O)OC(C)C)C(c2ccsc2)N/C(=N/C#N)N1,6.19
OC[C@H]1O[C@@H](n2cnc3c(NC4CCCC4)ncnc32)[C@H](O)[C@@H]1O,4.67
CCCn1c(=O)c2nc(-c3cnn(Cc4ccc(F)cc4F)c3)[nH]c2n(CCC)c1=O,6.16
CCN(C(C)=O)c1ccc(OC)c2nc(NC(=O)c3cnn(C)c3)sc12,7.72
Cn1c(=O)c(-c2ccc(F)cc2F)c(CCc2ccccc2)c2cc(OCC(=O)NCc3ccccc3)ccc21,5.44
CCSCCn1c(=O)c2[nH]c(Cc3ccco3)nc2n(CCCOC)c1=O,5.7
COCCCNc1nc2ccccc2n2nc(-c3ccco3)nc12,6.37
CCCn1c(=O)c2[nH]c(-c3ccc(O)cc3)cc2n(CCC)c1=O,7.36
CCCn1c(=O)n(C)c(=O)c2[nH]c(-c3ccc(OCC(=O)N4CCN(c5ccccc5Cl)CC4)cc3)cc21,7.83
COc1ccc(NC(C)=O)c2sc(NC(=O)c3ccc(F)cc3)nc12,6.89
CCCn1c(=O)c2nc(-c3cnn(Cc4nc(-c5ccccc5C(F)(F)F)no4)c3)[nH]c2n(CCC)c1=O,7.13
CC(=O)Nc1cnc(-c2ccncc2)c(-c2ccco2)n1,8.22
N#Cc1c(CCc2ccccc2)c2cc(OCC(=O)NCc3ccc(Cl)c(Cl)c3)ccc2[nH]c1=O,6.47
COCCOc1ccc(N2CCN(CCn3c(=O)n(C)c4c3nc(N)n3nc(-c5nccs5)nc43)CC2)cc1F,5.3
CCCCn1c(=O)[nH]c2nc(-c3cnn(Cc4ccccc4)c3)[nH]c2c1=O,7.47
CCCn1c(=O)c2[nH]c(-c3ccc(OCC4CC(=O)N(c5ccc(F)cc5)C4)nc3)nc2n(CCC)c1=O,8.4
Nc1nc(-n2cccn2)nc(-n2cccn2)c1Br,6.0
Cn1c(=O)c2nc(-c3ccccc3)[nH]c2n(C)c1=O,6.38
Cc1ccc(-c2cc(C(=O)NCc3ncc[nH]3)nc(N)n2)o1,6.1
CCCn1c(=O)[nH]c2nc(-c3cnn(CC#Cc4cccc(F)c4)c3)[nH]c2c1=O,8.52
Cn1c(=O)c2[nH]c(-c3ccc(OCC(=O)N4CCN(c5ccc(O)cc5)CC4)cc3)cc2n(C)c1=O,7.56
COc1cccc2cc(C(=O)NCCc3ccc(O)cc3)c(=N)oc12,6.2
CCCn1c(=O)c2nc(-c3cnn(Cc4noc(-c5ccc(Cl)cc5)n4)c3)[nH]c2n(CCC)c1=O,7.41
CCCn1c(=O)c2[nH]c(-c3cnn(CC4CC(=O)N(c5cccc(F)c5)C4)c3)nc2n(CC)c1=O,7.62
CCCn1c(=O)c2[nH]c(-c3cnn(CC#CCN4CCN(C)CC4)c3)nc2n(CCC)c1=O,7.08
c1cncc(Nc2ncc(-c3ccncn3)c(-c3ccco3)n2)c1,7.77
CCn1cc2c(nc(NC(=O)Nc3ccc(F)cc3)n3nc(-c4ccco4)nc23)n1,6.61
Cn1c(=O)c2[nH]c(-c3ccc(OCC(=O)N4CCN(c5ccc(C(F)(F)F)cc5)CC4)cc3)cc2n(C)c1=O,8.38
CCCn1c(=O)c2nc(-c3ccc(S(=O)(=O)Oc4cccc([N+](=O)[O-])c4)cc3)[nH]c2n(CCC)c1=O,7.37
c1coc(CNc2nc3ccccc3n3nc(-c4ccco4)nc23)c1,5.76
CCCn1c(=O)c2nc(-c3cnn(Cc4cc(C(F)(F)F)ccc4Cl)c3)[nH]c2n(CCC)c1=O,7.66
O=C(COc1ccc2[nH]c(=O)c(-c3nccs3)c(CCc3ccccc3)c2c1)N[C@@H](CO)c1ccccc1,8.17
CCn1c(=O)c2c(nc(Cc3cccs3)n2C)n(Cc2ccco2)c1=O,8.13
CC1=C(C(=O)OC(C)C)C(c2ccsc2)NC(=O)N1C,5.74
CCCn1c(=O)c2[nH]c(-c3ccccc3)c(O)c2n(CCC)c1=O,7.27
CCn1cc2c(nc(NC(=O)Nc3ccc(C(F)(F)F)cc3)n3nc(-c4ccco4)nc23)n1,6.63
CCn1c(=O)c2[nH]c(-c3ccc(OCC(=O)Nc4ccc(F)cc4)cc3)nc2n(CCCOC)c1=O,8.52
COCCn1c(=O)c2[nH]c(-c3ccc(OCC(=O)N4CCc5ccccc5C4)cc3)cc2n(CCOC)c1=O,7.77
CCCn1c(=O)c2[nH]c(-c3ccc(OC)cc3)cc2n(CCC)c1=O,6.31
Nc1nc(NCCc2ccc(O)cc2)nc2nc(-c3ccco3)nn12,7.18
CCCn1c(=O)c2[nH]c(-c3cnn(CC#Cc4cccc(F)c4)c3)nc2n(CCC)c1=O,8.17
Nc1nc(-c2ccccc2)nc(-c2ccccc2O)n1,6.66
CCCn1c(=O)c2c(cc(-c3ccc(O)cc3)n2O)n(CCC)c1=O,6.94
O=C(Nc1ccc(-c2ccncc2)c(-c2cc[nH]n2)n1)C1CC1,6.7
CCCn1c(=O)c2[nH]c(-c3cnn(CC4CC(=O)N(c5ccc(OC)cc5)C4)c3)nc2n(CCC)c1=O,8.05
CCCn1c(=O)c2[nH]c(-c3cc(C)n(CC(=O)Nc4ccc(I)cc4)n3)nc2n(CCC)c1=O,7.55
CCCn1c(=O)c2[nH]c(-c3cnn(CC4CC(=O)N(c5cccc(F)c5)C4)c3)nc2n(CCC)c1=O,7.39
COc1ccc(NC(=O)Nc2nc3nn(C)c(N4CCN(C)CC4)c3c3nc(-c4ccco4)nn23)cc1,7.58
CCCn1c(=O)c2[nH]c(-c3nn(CC(=O)Nc4ccc(Cl)cc4)c(C)c3Br)nc2n(CCC)c1=O,6.6
CCn1c(=O)c2[nH]c(-c3ccc(OCC(=O)Nc4ccc(O)cc4)cc3)nc2n(CCCOC)c1=O,7.81
CCCn1c(=O)[nH]c2nc(-c3cnn(Cc4noc(-c5ccccc5)n4)c3)[nH]c2c1=O,7.82
CCCCn1cc2c(nc(NC(=O)Nc3cccc(Cl)c3)n3nc(-c4ccco4)nc23)n1,7.16
Cn1c(=O)c2c(nc3n2CCCN3CCOc2ccc(Cl)cc2)n(C)c1=O,5.0
CCCSc1c2c(nc(N)n3nc(-c4ccco4)nc23)nn1C,7.16
CCCn1c(=O)c2[nH]c(-c3cnn(CC#Cc4ccc(OC(F)(F)F)cc4)c3)nc2n(CCC)c1=O,8.26
CCCn1c(=O)c2[nH]c(-c3cnn(CC#Cc4ccccc4C(F)(F)F)c3)nc2n(CCC)c1=O,7.54
CCOC(=O)C1=C(C)Nc2nc3ccccc3n2C1c1cnoc1,7.63
CC(C)Cn1c(=O)c2nc(-c3cnn(Cc4ccccc4)c3)[nH]c2n(CC(C)C)c1=O,5.9
Cn1c(=O)c2[nH]c(-c3ccc(OCC(=O)N4CCN(c5ncccn5)CC4)cc3)cc2n(C)c1=O,7.87
CCCn1c(=O)n(CC(C)C)c(=O)c2[nH]c(-c3ccc(OCC(=O)N4CCN(c5ccccc5)CC4)cc3)cc21,8.13
CCCn1c(=O)c2[nH]c(-c3ccco3)c(O)c2n(CCC)c1=O,7.64
CCCn1c(=O)c2[nH]c(-c3cc(OCC#Cc4cccc(F)c4)no3)nc2n(CCC)c1=O,7.26
CCCn1c(=O)c2[nH]c(-c3ccc(O)cc3)c(O)c2n(CCC)c1=O,7.96
Cn1c(-n2nccn2)nc2c(N)nccc21,6.29
CC(C)(C)n1cc2c(nc(NC(=O)Nc3cccc(Cl)c3)n3nc(-c4ccco4)nc23)n1,6.35
CCCn1c(=O)c2nc(-c3cnn(Cc4noc(-c5cccc(C(F)(F)F)c5)n4)c3)[nH]c2n(CCC)c1=O,7.19
CCCn1c(=O)c2[nH]c(-c3cc(OCC4CC(=O)N(c5cccc(C(F)(F)F)c5)C4)no3)nc2n(CCC)c1=O,7.16
Cc1ccc(-c2cc(C(=O)NCc3cccn3C)nc(N)n2)o1,5.61
Cn1c(=O)c2[nH]c(-c3cnn(Cc4cccc(F)c4)c3)nc2n(C)c1=O,7.57
COc1ccc(N2CCOCC2)c2sc(NC(=O)C(C)(C)Oc3ccc(F)cc3)nc12,5.0
CCCn1c(=O)c2[nH]c(-c3cnn(CC(=O)N4CCN(c5ccc(C(F)(F)F)cc5)CC4)c3)nc2n(CCC)c1=O,9.05
Cn1c(=O)c2[nH]c(-c3ccccc3)c(O)c2n(C)c1=O,6.54
CCCCn1c(=O)c2c(nc3n2CCCN3CCc2ccc(OCC(=O)NCc3ccccc3)cc2)n(CCCC)c1=O,6.24
CCCn1c(=O)c2[nH]c(-c3ccc(OCC4CC(=O)N(c5cccc(F)c5)C4)cc3)nc2n(CCC)c1=O,8.05
COc1ccc(NC(=O)c2coc3ccccc3c2=O)cc1OC,5.19
Cc1ccc(-c2[nH]c3c(=O)n(C)c(=O)n(C)c3c2O)cc1,6.29
CCCCn1cc2c(nc(NC(=O)Nc3ccc(C)cc3)n3nc(-c4ccco4)nc23)n1,6.79
Cn1c(=O)c2[nH]c(-c3ccc(S(C)(=O)=O)cc3)c(O)c2n(C)c1=O,7.17
CCCn1c(=O)c2nc(-c3cnn(Cc4cc(-c5ccc(Cl)cc5)on4)c3)[nH]c2n(CCC)c1=O,7.09
Cn1c(=O)c2[nH]c(-c3ccc(OCC(=O)N4CCN(c5c(Cl)cncc5Cl)CC4)cc3)cc2n(C)c1=O,8.15
CCCn1c(=O)c2nc(-c3cnn(Cc4ccc(F)c(F)c4)c3)[nH]c2n(CCC)c1=O,7.46
CCCC(=O)Nc1cc(-c2ccco2)nc(-c2ccco2)n1,7.79
Cn1c(=O)[nH]c2[nH]c(-c3ccc(S(=O)(=O)O)cc3)nc2c1=O,7.27
CCCCn1cc2c(nc(NC(=O)Nc3ccc4c(c3)OCO4)n3nc(-c4ccco4)nc23)n1,7.11
CC1=C(C(=O)OC(C)C)C(c2ccsc2)n2ncnc2N1,6.09
O=C(COc1ccc2[nH]c(=O)c(-c3nccs3)c(CCc3ccccc3)c2c1)NC1(c2ccccc2)CC1,7.92
CCCn1c(=O)c2nc(-c3cnn(Cc4cc(-c5ccc(OC)cc5)on4)c3)[nH]c2n(CCC)c1=O,7.2
CCSCCn1c(=O)c2c(nc(Cc3cccs3)n2C)n(Cc2ccco2)c1=O,7.05
O=C(Nc1nc2ccccc2n2nc(-c3ccco3)nc12)c1ccco1,5.6
COc1ccc(NC(=O)Nc2nc3nn(C)cc3c3nc(-c4ccco4)nn23)cc1,6.58
CCN(C(C)=O)c1ccc(OC)c2nc(NC(=O)c3ccc(-n4ccnc4)cc3)sc12,8.1
CCNC(=O)[C@H]1O[C@@H](n2cnc3c(NCC)nc(C#CC(O)c4cccc([N+](=O)[O-])c4)nc32)[C@H](O)[C@@H]1O,5.92
CCN(C(C)=O)c1ccc(OC)c2nc(NC(=O)c3ccc(C(=O)N4CCOCC4)cc3)sc12,8.15
O=C(Cc1cccc2ccccc12)Nc1nc2nn(CCCc3ccccc3)cc2c2nc(-c3ccco3)nn12,7.7
CC1=C(C(=O)OC(C)C)C(c2ccco2)NC(=O)N1,7.39
COc1ccc(CC(=O)Nc2nc3nn(C)c(SC)c3c3nc(-c4ccco4)nn23)cc1,7.35
CCCn1c(=O)[nH]c2[nH]c(-c3ccc(S(=O)(=O)Oc4cccc([N+](=O)[O-])c4)cc3)nc2c1=O,7.89
CCCn1c(=O)c2[nH]c(-c3ccc(OCC(=O)N4CCN(c5ccccc5Cl)CC4)cc3)cc2n(C)c1=O,7.16
C#CCn1cc(-c2nc3c([nH]2)c(=O)n(CCC)c(=O)n3CCC)cn1,7.21
CCCn1c(=O)c2nc(-c3cnn(Cc4ccc(OC)cc4)c3)[nH]c2n(CCC)c1=O,7.43
Cn1cc2c(nc(NC(=O)Nc3ccc(Cl)cc3)n3nc(-c4ccco4)nc23)n1,6.89
CCCn1c(=O)c2nc(-c3cnn(Cc4ccc(Cl)cc4)c3)[nH]c2n(CCC)c1=O,7.75
CCCCn1c(=O)[nH]c2[nH]c(-c3ccc(S(=O)(=O)Oc4cccc([N+](=O)[O-])c4)cc3)nc2c1=O,7.64
Nc1nc2ccccc2n2nc(-c3ccco3)nc12,7.88
CCCn1c(=O)c2[nH]c(-c3ccn(CC(=O)Nc4ccc(Cl)cc4)n3)nc2n(CCC)c1=O,7.7
CCCn1c(=O)c2[nH]c(-c3cnn(CC4CCN(c5ccc(OC(F)(F)F)cc5)C4)c3)nc2n(CCC)c1=O,7.85
CCN(C(C)=O)c1ccc(OC)c2nc(NC(=O)c3ccc(-n4cnnn4)cc3)sc12,7.64
CCCn1c(=O)c2[nH]c(-c3cnn(CC4CC(=O)N(c5ccc(C(=O)O)cc5)C4)c3)nc2n(CCC)c1=O,7.11
CC1=C(C(=O)OC(C)C)C(c2ncco2)n2c(nc3ccccc32)N1,6.15
O=C(Nc1ccc(O)cc1)c1coc2ccccc2c1=O,5.54
Clc1cccc(-c2nc(N3CCCCC3)c3nc[nH]c3n2)c1,6.0
CCCC1=C(C(=O)OCC)C(c2ccco2)NC(=O)N1,6.59
CCCn1c(=O)c2[nH]c(-c3ccc(OC)cc3)c(O)c2n(CCC)c1=O,7.62
Cn1c(=O)c2[nH]c(-c3ccc(OCC(=O)N4CCN(c5nc6cc(Cl)ccc6s5)CC4)cc3)cc2n(C)c1=O,8.44
CCCn1c(=O)c2nc(-c3cnn(Cc4ccc(F)cc4)c3)[nH]c2n(CCC)c1=O,7.66
CCN(C(C)=O)c1ccc(OC)c2nc(NC(=O)c3ccc(F)cc3)sc12,7.89
CCCn1c(=O)c2[nH]c(-c3ccc(OCC(=O)N4CCN(Cc5ccccc5)CC4)cc3)cc2n(CCC)c1=O,8.21
CCCn1c(=O)c2[nH]c(-c3ccc(C)cc3)c(O)c2n(CCC)c1=O,7.05
CCCn1c(=O)c2[nH]c(-c3cnn(CC#Cc4ccc(C(=O)O)cc4)c3)nc2n(CC)c1=O,6.89
CC1=C(C(=O)OC(C)C)C(c2ccco2)N/C(=N/C#N)N1,7.61
CCCCn1c(=O)[nH]c2nc(-c3cnn(Cc4noc(-c5ccc(Cl)cc5)n4)c3)[nH]c2c1=O,7.64
CCCn1c(=O)c2[nH]c(-c3cnn(CC#CCN4CCN(c5cccc(C(F)(F)F)c5)CC4)c3)nc2n(CCC)c1=O,7.92
O=c1[nH]c2nc(-c3cnn(Cc4cccc(F)c4)c3)[nH]c2c(=O)n1CC1CC1,8.3
COc1cc(-c2cc3c([nH]2)c(=O)n(C)c(=O)n3C)ccc1OCC(=O)N1CCc2ccccc2C1,6.77
CCCn1c(=O)c2[nH]c(-c3ccc(OCC(=O)N4CCN(C(=O)OCc5ccccc5)CC4)cc3)cc2n(CCC)c1=O,7.41
CCCCn1cc2c(nc(NC(=O)Nc3ccccc3OC)n3nc(-c4ccco4)nc23)n1,6.9
CCCn1c(=O)c2[nH]c(-c3cnn(CC4CC(=O)N(c5ccc(F)cc5F)C4)c3)nc2n(CCC)c1=O,7.72
O=C(Nc1ccc(-c2ccncc2)c(-c2nccs2)n1)C1CC1,7.38
CCCn1c(=O)c2[nH]c(-c3cnn(CC#CCN4CCCCC4)c3)nc2n(CCC)c1=O,6.85
CCCn1cc2c(nc(NC(=O)Nc3ccc([N+](=O)[O-])cc3)n3nc(-c4ccco4)nc23)n1,6.52
CCCn1cc2c(nc(NC(=O)Nc3ccc(F)cc3)n3nc(-c4ccco4)nc23)n1,6.79
CCCn1c(=O)c2[nH]c(-c3cc(C)n(CC(=O)Nc4ccc(C)cc4)n3)nc2n(CCC)c1=O,7.25
Cc1cc2c(nc(-n3nccn3)n2C)c(N)n1,6.85
CCn1c(=O)c2nc(-c3cnn(Cc4cccc(F)c4)c3)[nH]c2n(CC)c1=O,8.3
Cn1c(=O)c2[nH]c(-c3ccc(OCC(=O)N4CCN(c5ccc(F)cc5)CC4)cc3)cc2n(C)c1=O,8.02
CC(C)Cn1c(=O)c2nc(-c3cnn(Cc4cccc(C(F)(F)F)c4)c3)[nH]c2n(CC(C)C)c1=O,6.52
CC1=C(C(=O)OC(C)C)C(c2ccc[nH]2)n2c(nc3ccccc32)N1,7.5
CCCn1c(=O)c2[nH]c(-c3ccc(OC(C)C(=O)N4CCc5ccccc5C4)cc3)cc2n(CCC)c1=O,8.33
COc1cnc(N2CCOCC2)c2sc(NC(=O)C(C)(C)Oc3ccc(F)cc3)nc12,5.85
CCOC(=O)C1=C(C)N(C)C(=O)NC1c1ccco1,5.18
Cn1c(=O)c2c(nc3n2CCCN3CCc2ccccc2)n(C)c1=O,5.0
CCn1cc2c(nc(NC(=O)Cc3ccccc3)n3nc(-c4ccco4)nc23)n1,6.79
CCCn1c(=O)c2nc(-c3cnn(Cc4ccccc4Cl)c3)[nH]c2n(CCC)c1=O,7.7
CCCn1c(=O)c2[nH]c(-c3cnn(CC#Cc4cccc(F)c4)c3)nc2n(CC)c1=O,8.13
COc1cc(OCC(=O)N2CCc3ccccc3C2)ccc1-c1cc2c([nH]1)c(=O)n(C)c(=O)n2C,7.36
