SMILES,Y
CC(C)N1CCC(Oc2ccc3c(c2)cc2n3CCCNC2=O)CC1,7.77
CNCc1cc(C(=O)N2CCCN(C3CC3)CC2)ccc1Oc1ccc(C#N)cc1,8.96
N#Cc1ccc(OC2CCN(C3CCCCC3)CC2)cc1,7.49
CNCCC(Oc1ccc(C(F)(F)F)cc1)c1ccccc1,5.14
CNCc1cc(C(=O)N2CCCN(C3CC3)CC2)ccc1Oc1cccc(Cl)c1,9.05
O=C([C@H]1C[C@H](Oc2ccc(Cl)cc2)CN1)N1CCCN(C2CCC2)CC1,8.7
COc1ccc(C2CN(C)Cc3cc(OCCCN4CCC(F)(F)C4)ccc32)cc1,8.02
CNCc1cc(C#CCCN2CCOCC2)ccc1Oc1ccc(C(F)(F)F)cc1,8.14
CCCN(CCC)CCCOc1ccc(-c2cn3cccc(C)c3n2)cc1C,7.85
CNCc1cc(C#CCCN2CCSCC2)ccc1Oc1ccc(Cl)c(Cl)c1,7.89
CC(C)(C)c1ccc(OCCCCN2CCN(c3ccccn3)CC2)cc1,5.53
S=C(NC1CCCCC1)N1CCC(c2cnc[nH]2)CC1,7.29
CS(=O)(=O)CCCOc1ccc2c(c1)CCC1(CCN(C3CCC3)CC1)O2,8.0
Cc1cc(OCCCN2CCC(c3noc4cc(F)ccc34)CC2)ccc1CN1CCOCC1,6.79
O=C(c1ccc(-c2ccc(=O)n(-c3ccc(F)cc3)n2)cc1)N1CCC[C@H]1CN1CCCC1,7.8
CNCc1cc(C#CCCN2CCOCC2)ccc1Oc1cccc(F)c1,8.52
COc1ccc([C@@H]2CN(C)Cc3cc(OCCCN4CCOC[C@@H]4C)ccc32)cc1,8.25
CNCc1cc(C(=O)N2CCN(C3CCCC3)CC2)ccc1Oc1ccc(Cl)cc1,8.47
CC(=O)N1C[C@@H](Oc2cccc(F)c2)C[C@@H]1C(=O)N1CCCN(C)CC1,6.34
N#Cc1ccc(O[C@@H]2CN[C@@H](C(=O)N3CCCN(C4CCC4)CC3)C2)cc1,8.62
CN(C)CCCOc1ccc(OCc2ccccc2Cl)c(CN(C)C)c1,6.87
CNCc1cc(C#CCCN2CCOCC2)ccc1Oc1ccc(F)cc1Cl,8.22
O=C([C@H]1C[C@H](Oc2ccc(F)cc2)CN1C1CCC1)N1CCCN(C2CCC2)CC1,7.77
COc1ccc(C2CN(C)Cc3cc(OCCCN4CCC(C#N)CC4)ccc32)cc1,8.13
c1cc2c(cc1OCC1CCCO1)CCC1(CCN(C3CCC3)CC1)O2,7.8
CC(C)N1CCN(C(=O)c2ccc(-c3ccc(=O)n(C)n3)cc2)CC1,6.78
CC(C)N1CCC(Oc2ccc3c(c2)cc2n3CCN(Cc3cccc(F)c3)C2=O)CC1,7.85
O=C([C@H]1C[C@H](Oc2cccc(Cl)c2)CN1)N1CCCN(C2CCC2)CC1,8.6
CNCc1cc(C(=O)N2CCN(C3CCC3)CC2)ccc1Oc1ccc(Cl)c(Cl)c1,8.11
c1ccc(CN2CCc3sc(OCCCN4CCCCC4)nc3C2)cc1,6.58
c1cc2c(cc1O[C@@H]1CCOC1)CCC1(CCN(C3CCC3)CC1)O2,7.57
CNCc1cc(C(=O)N2CCN(C(C)C)CC2)ccc1Oc1ccc(Cl)c(Cl)c1,8.62
COc1ccc(C2CN(C)Cc3cc(OCCCN4CCC(F)(F)CC4)ccc32)cc1,8.06
CN1CCc2sc(OCCCN3CCCCC3)nc2C1,7.62
O=C(c1cccs1)N1CCc2cc(OCCCN3CCCCC3)ccc2C1,8.68
C[C@H](COc1ccc(C2=NNC(=O)C3CC23)cc1)CN1CCC[C@H]1C,8.64
O=C([C@H]1C[C@H](Oc2ccccc2)CN1)N1CCCN(C2CCC2)CC1,8.28
CC(=O)c1ccc(OCCCN2CCN(c3ccccn3)CC2)cc1,6.5
CNCc1cc(C(=O)N2CCCN(C3CC3)CC2)ccc1Oc1ccc(Cl)c(Cl)c1,8.74
Cn1c(C(=O)c2ccc(Cl)cc2)cnc1OCCCN1CCCCC1,7.85
Cn1nc(-c2ccc(N3CCN4CCC[C@H]4C3)cc2)ccc1=O,6.51
O=c1c2ccccc2c(Cc2ccc(Cl)cc2)nn1C[C@H]1CCCN1CCCCc1ccc(OCCCN2CCCCCC2)cc1,9.6
CNC(=O)C(CCN1CCC(O)(c2ccc(Cl)cc2)CC1)(c1ccccc1)c1ccccc1,8.03
CN(C)C(=O)c1cc(OCCCN2CCOCC2)ccc1OCc1ccccc1Cl,5.96
CC(C)N1CCC(Oc2ccc3c(c2)cc2n3CCN(C)C2=O)CC1,7.51
Clc1ccc(CCCOCCCN2CCCCC2)cc1,8.57
COc1ccc(C2CN(C)Cc3cc(OCCCN4CCOCC4)ccc32)cc1,8.42
CN1CCN(Cc2ccc(OCCCN3CCC(c4noc5cc(F)ccc45)CC3)cc2)CC1,8.09
CNCc1cc(C(=O)N2CCCN(C3CC3)CC2)ccc1Oc1ccccc1OC(F)(F)F,8.68
c1nc([C@@H]2C[C@H]2CCNCC2CCCCC2)c[nH]1,7.46
O=C(c1ccccc1)c1ccc(OCCCN2CCN(c3ccncc3)CC2)cc1,8.51
O=C(N1CCCN(C2CCC2)CC1)[C@@]1(Cc2ccccc2)CCCN1,7.96
CSc1ccc(O[C@H]2C[C@@H](C(=O)N3CCCN(C4CCC4)CC3)N(C(C)=O)C2)cc1,7.3
COc1ccc(C2CN(C)Cc3cc(OCCCN4CCC(CO)CC4)ccc32)cc1,8.02
CNCc1cc(Br)ccc1Oc1ccc(SC)cc1,5.05
O=C([C@H]1C[C@H](Oc2ccsc2)CN1)N1CCCN(C2CCC2)CC1,8.28
CC(=O)c1ccc(OCCCCN2CCN(c3cccnc3)CC2)cc1,6.04
O=C(NCCc1ccc(OCCN2CCCC2)c(Br)c1)c1cccc(C(F)(F)F)n1,6.57
CNCc1cc(C(=O)N2CCN(C3CC3)CC2)ccc1Oc1ccc(SC)c(C)c1,7.68
CNCc1cc(C(=O)N2CCCN(C3CC3)CC2)ccc1Oc1ccc(SC)c(C)c1,8.39
CC(C)N1CCC(Oc2ccc3c(c2)cc2n3CCN(C(C)C)C2=O)CC1,7.57
CC(C)N1CCC(Oc2ccc3c(c2)cc2n3CCN(CCO)C2=O)CC1,7.34
CC(=O)N1C[C@@H](Oc2cccs2)C[C@@H]1C(=O)N1CCCN(C2CCC2)CC1,8.43
CNCc1cc(C#CCCN2CCOCC2)ccc1Oc1ccc(SC)cc1,7.96
CC[C@H](O)COc1ccc2c(c1)CCC1(CCN(C3CCC3)CC1)O2,7.58
O=C(NCCc1ccc(OCCN2CCC(F)C2)c(Br)c1)c1cc(Br)cs1,5.96
CC(=O)N1C[C@@H](Oc2cccc(F)c2)C[C@@H]1C(=O)N1CCCN(CC(C)C)CC1,7.89
CSc1ccc(O[C@H]2CN[C@H](C(=O)N3CCCN(C4CCC4)CC3)C2)cc1,6.84
CC(C)N1CCC(Oc2ccc3c(c2)cc2n3C[C@@H](C)N(CC3CC3)C2=O)CC1,8.3
Ic1ccc(C(OCCCc2c[nH]cn2)c2ccccc2)cc1,7.85
O=C(/C=C/c1ccc(C(F)(F)F)cc1)N1CCC[C@H]1CN1CCCC1,8.17
CNCc1cc(C(=O)N2CCN(C(C)C)CC2)ccc1Oc1ccc(SC)cc1,8.66
CSCCCOc1ccc2c(c1)CCC1(CCN(C3CCC3)CC1)O2,7.82
O=C([C@H]1C[C@@H](Oc2cccc(F)c2)CN1)N1CCCN(C2CCC2)CC1,7.27
CC1CCCN1CCOc1ccc(CCNC(=O)c2cc(Br)cs2)cc1Br,6.48
O=C(NCCc1ccc(OCCN2CCCC2)c(Br)c1)c1cnco1,7.52
NCCc1c[nH]cn1,7.89
CN1CCN(C(=O)c2cn3cc(Cl)ccc3n2)CC1,4.54
CN1C[C@H]2CN(C(=O)c3nc4cc(F)ccc4[nH]3)C[C@H]2C1,4.81
Clc1nc(N2CCC(N3CCOCC3)CC2)c2ccn(Cc3ccccc3)c2n1,5.97
O=S1(=O)CCC(Oc2ccc3c(c2)CCC2(CCN(C4CCC4)CC2)O3)CC1,8.15
Fc1ccc2c(C3CCN(CCCOc4ccc(CN5CCCC5)cc4)CC3)noc2c1,7.03
CC(C)N1CCC(COc2ncc(C(=O)c3ccccc3Cl)n2C)CC1,9.0
COc1ccccc1COc1ccc(OCCCN2CCOCC2)cc1C(=O)N(C)C,5.86
CC(C)N1CCC(Oc2ncc(C(=O)c3ccc(Cl)cc3)n2C)CC1,8.0
N#CC(C#N)=C1N(CCCN2CCCCC2)CCN1CCCN1CCCCC1,8.62
CC(=O)N1CCc2ccc(OCCCN3CCCCC3)cc2C1,7.71
CC(=O)N1C[C@@H](Oc2cccc(F)c2)C[C@H]1C(=O)N1CCCN(C2CCC2)CC1,6.14
CCC(=O)c1ccc(OCCCN2CCN(c3ncccn3)CC2)cc1,5.47
C1CCN(CCCOc2nc3c(s2)CCCC3)CC1,6.45
CC(C)N1CCC(Oc2ccc3c(c2)cc(C(=O)N2CCC(F)(F)CC2)n3C(C)C)CC1,8.7
CCN1CCc2c(cccc2OCCCN2CCCCC2)C1,7.08
Cc1cccc(O[C@@H]2CN[C@@H](C(=O)N3CCCN(C4CCC4)CC3)C2)c1,8.28
N#Cc1ccc(O[C@@H]2CN[C@H](C(=O)N3CCCN(C4CCC4)CC3)C2)cc1,6.74
CNCc1cc(C#CCCN2CCN(C(C)C)CC2)ccc1Oc1ccc(SC)cc1,7.51
O=C(NCCc1ccc(OCCN2CCOCC2)c(Br)c1)c1cc(Br)c[nH]1,4.89
CC(=O)N1C[C@H](Oc2cccc(F)c2)C[C@H]1C(=O)N1CCCN(C2CCC2)CC1,6.22
CNCc1cc(C#CCCN2CCN(C3CC3)CC2)ccc1Oc1ccc(SC)cc1,7.28
O=C([C@H]1C[C@H](Oc2cccc(F)c2)CN1CC1CC1)N1CCCN(C2CCC2)CC1,8.15
c1cc2c(cc1OC1CCSCC1)CCC1(CCN(C3CCC3)CC1)O2,7.64
CCN(CC)CCCOc1cc2c(cn1)C(c1ccc(Cl)c(Cl)c1)CN(C)C2,8.15
C[C@H]1CCCN1CCCOc1ccc(C(=O)CN2CCOCC2)cc1,7.0
CC(C)N1CCC(Sc2ncc(C(=O)c3ccc(Cl)cc3)n2C)CC1,8.7
CC[C@@H](O)COc1ccc2c(c1)CCC1(CCN(C3CCC3)CC1)O2,7.82
CC(=O)N1C[C@@H](Oc2cccc(F)c2)C[C@@H]1C(=O)N1CCCN(C2CCC2)CC1,8.8
Fc1ccc2c(C3CCN(CCCOc4ccc(CN5CCOCC5)c(Cl)c4)CC3)noc2c1,6.79
C[C@@H]1CCCN1CCCOc1ccc2c(c1)cc1n2CCNC1=O,8.15
CC(C)N1CCC(COc2ncc(C(=O)c3ccc(Br)cc3)n2C)CC1,8.52
CC(CO)N1CCC(Oc2ccc(C#N)cc2)CC1,6.12
O=C(NCCc1ccc(OCCN2CCOCC2)c(Br)c1)c1ccc[nH]1,4.58
N#CC(C#N)=C1N(CCCCN2CCCCC2)CCN1CCCN1CCCCC1,7.21
COC[C@H]1CCCN1CCCOc1ccc(C(=O)CN2CCOCC2)cc1,5.93
c1ccc(C(OCCCc2c[nH]cn2)c2ccccc2)cc1,7.62
c1cc2c(cc1OCCCN1CCCCC1)CCCN2CC1CCCCC1,7.51
CC(=O)c1ccc(OCCCN2CCN(c3ccncc3)CC2)cc1,7.99
CNCc1cc(C#CCCN2CCOCC2)ccc1Oc1ccc(Cl)cc1,8.15
O=C([C@H]1C[C@H](Oc2ccccn2)CN1)N1CCCN(C2CCC2)CC1,8.34
Cn1cccc1C(=O)NCCc1ccc(OCCN2CCCC2)c(Br)c1,6.89
CN(C)CCCOc1ccc(CCNC(=O)c2cccn2C)cc1Br,5.75
CC(=O)N1C[C@@H](Oc2ccccn2)C[C@@H]1C(=O)N1CCCN(C2CCC2)CC1,8.27
Clc1ccc(CNCC[C@@H]2C[C@H]2c2c[nH]cn2)cc1,8.08
CNCc1cc(C(=O)N2CCCN(C3CC3)CC2)ccc1Oc1cccc(F)c1,9.0
Fc1ccc2c(C3CCN(CCCOc4ccc(CCN5CCCCC5)cc4)CC3)noc2c1,7.87
N#Cc1ccc(OCCCCCN2CCCC2)cc1,7.72
c1cc2c(cc1OC1CCOCC1)CCC1(CCN(C3CCC3)CC1)O2,7.82
CNCc1cc(C#CCCN2CCN(C(C)C)C(=O)C2)ccc1Oc1ccc(SC)cc1,5.73
O=C(CN1CCOCC1)c1ccc(OCCCN2CCCC2)cc1,6.97
CS(=O)(=O)c1ccc(C(=O)N2CCN(c3ccc(OC4CCN(C5CCC5)CC4)cc3)CC2)cc1,9.5
CSc1ccc([C@@H]2CN(C)Cc3cc(OCCCN4CCOCC4)ccc32)cc1,7.97
CN1CCCC(COc2ccc(CCNC(=O)c3ccc[nH]3)cc2Br)C1,5.82
CCN1CCC(Oc2ccc(C#N)cc2)CC1,7.09
CC(C)N1CCC(COc2ncc(C(=O)c3cc(Cl)cc(Cl)c3)n2C)CC1,8.4
CN1Cc2cc(OCCCN3CCC(F)CC3)ccc2C(c2ccc(Cl)c(Cl)c2)C1,7.51
CN(C)CCCOc1ccc(CCNC(=O)c2ccc[nH]2)cc1Br,5.87
CNCc1cc(C(=O)N2CCN(C3CC3)CC2)ccc1Oc1ccc(Cl)cc1,7.96
O=C(OCCN1CCCC1)N1c2ccccc2Sc2ccccc21,5.22
C[C@H]1CC[C@H](C)N1CCCOc1ccc2c(c1)cc1n2CCNC1=O,7.96
N#Cc1ccc(-c2ccc(OCCCN3CCCN(C(=O)[C@@H](Cc4cscn4)NC(=O)c4ccco4)CC3)cc2)cc1,8.8
CN(C)CCCOc1ccc(CCNC(=O)c2cc(Br)cs2)cc1Br,5.79
C1CCN(CCCOc2nc3c(s2)CCOC3)CC1,6.46
CNCc1cc(C(=O)N2CCN(C3CC3)CC2)ccc1Oc1ccccc1,8.17
O=C([C@@H]1C[C@@H](Oc2cccc(F)c2)CN1)N1CCCN(C2CCC2)CC1,7.43
Clc1ccc(CNC[C@@H]2C[C@@H]2c2c[nH]cn2)cc1,7.06
COc1cc(CN2CCCC2)ccc1OCCCN1CCC(c2noc3cc(F)ccc23)CC1,6.82
CNCc1cc(C(=O)N2CCCN(C3CC3)CC2)ccc1Oc1ccc(F)c(Cl)c1,8.82
CC1CCCN1CCCOc1ccc(C(=O)CN2CCOCC2)cc1,7.92
CNCc1cc(CCCCN2CCN(C3CC3)CC2)ccc1Oc1ccc(SC)cc1,8.33
C[C@@H](NC(=O)c1ccco1)C(=O)N1CCN(CCCOc2ccc(C(=O)C3CC3)cc2)CC1,7.0
CN1CCN(C(=O)c2cc3cccnc3[nH]2)CC1,4.44
CNCc1cc(C(=O)N2CCCN(C3CC3)CC2)ccc1Oc1ccccc1,9.1
Clc1nc(N2CCC(N3CCCCC3)CC2)c2ccn(Cc3ccc4ccccc4c3)c2n1,6.9
COc1ccc(C2CN(C)Cc3cc(OCCCN4CCN(C(=O)c5cccn5C)CC4)ccc32)cc1,5.58
O=C(NCCc1ccc(OCCN2CCCC2)c(Br)c1)c1nnc[nH]1,6.37
Clc1ccc(CNCC[C@H]2C[C@@H]2c2c[nH]cn2)cc1,8.44
CN1Cc2cc(OCCCN3CCC(F)CC3)ccc2C(c2ccc(OC(F)F)cc2)C1,8.0
CC(=O)N1C[C@@H](Oc2cccc(F)c2)C[C@@H]1C(=O)N1CCCN(C2CCCC2)CC1,8.66
CNCc1cc(C(=O)N2CCCN(C(C)C)CC2)ccc1Oc1ccc(Cl)c(Cl)c1,8.92
Cc1ccccc1O[C@@H]1CN[C@@H](C(=O)N2CCCN(C3CCC3)CC2)C1,8.55
O=C(N1CCCN(C2CCC2)CC1)[C@@]1(Cc2cccc(F)c2)CCCN1,7.36
Fc1ccc2c(C3CCN(CCCOc4ccc(CN5CCOCC5)cc4Cl)CC3)noc2c1,6.83
CN1Cc2cc(OCCCN3CCC(F)CC3)ccc2C(c2cccc(Cl)c2)C1,8.52
CC(C)(C)c1ccc(OCCCCN2CCN(c3cccnc3)CC2)cc1,5.47
CCC(C)(C)c1ccc(OCCCCN2CCN(c3ncccn3)CC2)cc1,5.64
CNC(=O)c1ccc(Oc2ccc3c(c2)CCN(C2CCC2)CC3)nc1,9.9
c1nc([C@H]2C[C@@H]2CNCC2CCCCC2)c[nH]1,6.54
CNCc1cc(CCCCN2CCSCC2)ccc1Oc1ccc(SC)cc1,8.01
CN1Cc2cc(OCCCN3CCC(F)CC3)ccc2C(c2ccc(S(C)(=O)=O)cc2)C1,8.7
O=C(CN1CCOCC1)c1ccc(OCCCN2CCCCC2)cc1,7.18
CCC(=O)c1ccc(OCCCN2CCN(c3cnccn3)CC2)cc1,5.76
O=C(NC(c1ccc(Cl)cc1)c1ccc(Cl)cc1)OCCCc1c[nH]cn1,6.59
CN1Cc2cc(OCCCN3CCC(F)CC3)ccc2C(c2ccc(Cl)cc2)C1,8.08
Cc1cc(N2CCC(N3CCCC3C)C2)ccc1NC(=O)c1cc(F)ccc1C,8.07
CSCCOc1ccc2c(c1)CCC1(CCN(C3CCC3)CC1)O2,7.42
CNCc1cc(CCCCN2CCN(C(C)C)CC2)ccc1Oc1ccc(SC)cc1,8.28
O=C([C@H]1C[C@H](Oc2ccc(C(F)(F)F)cc2)CN1)N1CCCN(C2CCC2)CC1,8.39
CCN1CCCc2c(OCCCN3CCCCC3)cccc21,6.0
COc1cc2c(NC3CCN(C(C)C)CC3)nc(N3CCC(F)(F)CC3)nc2cc1OCCCN1CCCC1,7.35
CN(C)CCCOc1ccc(CCNC(=O)c2ccc(Br)o2)cc1Br,5.64
Cn1cnc(CCN)c1,4.7
c1cc2c(cc1OCCCN1CCCCC1)N(CC1CCCCC1)CCC2,6.73
N#CC(C#N)=C1N(CCCN2CCCCC2)CCN1CCN1CCCCC1,8.18
CNCc1cc(C(=O)N2CCN(C(C)C)CC2)ccc1Oc1ccc(SC)c(C)c1,8.37
CN(C)CCOc1ccc(CCNC(=O)c2cccn2C)cc1Br,5.67
O=C([C@H]1C[C@H](Oc2cccc(F)c2)CN1)N1CCCN(C2CCC2)CC1,8.47
CNCc1cc(C(=O)N2CCN(C3CC3)CC2)ccc1Oc1cccc(Cl)c1,7.85
CC(C(=O)c1ccc(OCCCN2CCC[C@H]2C)cc1)N1CCOCC1,8.1
CN1C[C@H]2CN(C(=O)c3nc4cc(F)c(F)cc4[nH]3)C[C@H]2C1,4.75
CN(C)CCOc1ccc(CCNC(=O)c2cc(Br)cs2)cc1Br,6.17
CN1C[C@H]2CN(C(=O)c3cc4cc(Cl)ccc4[nH]3)C[C@H]2C1,5.06
COCCOc1ccc2c(c1)CCC1(CCN(C3CCC3)CC1)O2,7.38
O=C(NCCc1ccc(OCCN2CCCC2)c(Br)c1)c1ccc(Br)o1,6.77
c1cc2c(c(OCCCN3CCCCC3)c1)CNCC2,6.81
CNCc1cc(C(=O)N2CCCN(C(C)C)CC2)ccc1Oc1ccc(SC)cc1,8.96
CC(C)(C)c1ccc(OCCCCN2CCN(c3ccncc3)CC2)cc1,7.42
N#Cc1ccc(OC2CCN(Cc3ccccc3)CC2)cc1,5.27
CNCc1cc(C(=O)N2CCCN(C(C)C)CC2)ccc1Oc1ccc(Cl)cc1,9.3
CNCc1cc(C(=O)N2CCN(C3CC3)CC2)ccc1Oc1ccc(Cl)c(Cl)c1,7.64
Clc1ccc(CNCC[C@H]2C[C@H]2c2c[nH]cn2)cc1,7.86
CCNCCCOc1ccc2c(c1)CN(C)CC2c1ccc(OC)cc1,7.33
CS(=O)(=O)CCOc1ccc2c(c1)CCC1(CCN(C3CCC3)CC1)O2,7.41
COc1ccc(C2CN(C)Cc3cc(OCCCN4CCN(c5ccc(C#N)cc5)CC4)ccc32)cc1,6.84
CN(C)C(=O)c1cc(OCCCN2CCCCC2)ccc1OCc1ccccc1Cl,7.33
CC(C)N1CCC(COc2ncc(C(=O)c3ccccc3)n2C)CC1,9.0
CNCc1cc(C#CCCNC2CC2)ccc1Oc1ccc(SC)cc1,7.77
CN(C)CCCSc1ncc(C(O)c2ccc(Cl)cc2)n1C,7.75
CNCc1cc(C#CCCN2CCSCC2)ccc1Oc1ccc(SC)cc1,8.27
O=C(NCCc1ccc(OCCN2CCCC2)c(Br)c1)c1nccs1,7.52
CC(=O)N1C[C@H](Oc2cccc(F)c2)C[C@@H]1C(=O)N1CCCN(C2CCC2)CC1,6.08
O=C([C@H]1C[C@H](Cc2cccc(F)c2)CN1)N1CCCN(C2CCC2)CC1,6.46
O=C([C@@H]1C[C@H](Oc2ccc(F)cc2)CN1C1CC1)N1CCCN(C2CCC2)CC1,7.26
O=C([C@H]1C[C@H](Oc2ccc(F)cc2)CN1)N1CCCN(C2CCC2)CC1,8.8
CN1CCN(Cc2ccc(OCCCCN3CCC(c4noc5cc(F)ccc45)CC3)cc2)CC1,8.04
CCOc1ccc(C2CN(C)Cc3cc(OCCCN4CCC(F)CC4)ccc32)cc1,8.14
CC(C)(O)COc1ccc2c(c1)CCC1(CCN(C3CCC3)CC1)O2,7.75
CN1CCCC(COc2ccc(CCNC(=O)c3ccc(Br)o3)cc2Br)C1,5.68
CNCc1cc(C#CCCNC2CC2)ccc1Oc1ccc(Cl)c(Cl)c1,7.77
CCC(C)(C)c1ccc(OCCCCN2CCN(c3cnccn3)CC2)cc1,6.17
CC(C)N1CCC(Oc2ccc3c(c2)cc2n3CCNC2=O)CC1,7.6
CNCc1cc(C(=O)N2CCN(C3CC3)CC2)ccc1Oc1ccc(C(F)(F)F)cc1,7.43
C[C@@H]1CCCN1CCCOc1ccc(C(=O)CN2CCOCC2)cc1,8.27
CNCc1cc(C(=O)N2CCCN(C3CC3)CC2)ccc1Oc1ccc(SC(F)(F)F)cc1,8.26
Cn1c(C(=O)c2ccc(Cl)cc2)cnc1CCCCN1CCCCC1,7.62
CN1CCC(Oc2ccc(C#N)cc2)CC1,5.37
CC(=O)c1ccc(OCCCCN2CCN(c3ccccn3)CC2)cc1,5.43
CNCc1cc(C(=O)N2CCCN(C3CC3)CC2)ccc1Oc1ccccc1C#N,9.0
O=C(NCCc1ccc(OCCN2CCCC2)c(Br)c1)c1ccc[nH]1,6.82
c1ccc(-c2ccc(CCCOCCCc3c[nH]cn3)cc2)cc1,6.93
CNC(=O)c1cnc(Oc2ccc3c(c2)CCN(C2CCC2)CC3)cn1,9.7
CNCc1cc(C(=O)N2CCCN(C(C)C)CC2)ccc1Oc1cccc(Cl)c1,9.0
CC(C)N1CCC(COc2ncc(C(=O)c3ccc(C(F)(F)F)cc3)n2C)CC1,8.4
CN(CCCCc1c[nH]cn1)CCC(c1ccc(Cl)cc1)c1ccccn1,7.82
O=C(NCCc1ccc(OCCN2CCCC2)c(Br)c1)c1cc(Br)c[nH]1,6.72
CCN1CCCc2cc(OCCCN3CCCCC3)ccc2C1,9.47
C[C@H]1CC[C@H](C)N1CCCOc1ccc(-c2ccc(C(=O)N3CCOCC3)cc2)cc1,8.8
N#Cc1ccc(-c2ccc(OCCCN3CCC(N)CC3)cc2)cc1,6.7
CN1CCN(C(=O)c2cc3cc(Cl)ccc3[nH]2)CC1,5.65
COc1ccccc1COc1ccc(OCCCN2CCCCC2)cc1C(=O)N(C)C,7.92
Fc1ccc2c(C3CCN(CCCOc4ccc(CN5CCCCC5)cc4)CC3)noc2c1,6.57
O=C(CCCc1ccc(I)cc1)OCCCc1c[nH]cn1,7.39
Cc1cc(OCCCN2CCC[C@H]2C)ccc1C1=NNC(=O)C2CC12,8.15
Cn1c(C(=O)c2ccc(Cl)cc2)cnc1NCCCN1CCCCC1,7.3
CNCc1cc(C#CCCN2CCNC(=O)C2)ccc1Oc1ccc(SC)cc1,6.06
CN1CCN(CCc2ccc(OCCCN3CCC(c4noc5cc(F)ccc45)CC3)cc2)CC1,6.57
CNCc1cc(C(=O)N2CCCN(C3CC3)CC2)ccc1Oc1ccccc1F,9.0
O=C(NCCc1ccc(OCCN2CCCC2)c(Br)c1)c1cccc(C(F)(F)F)c1,6.36
CN(C)CCCSc1ncc(C(=O)c2ccc(Cl)cc2)n1C,8.3
CC(C)N1CCN(c2ccc(-c3ccc(=O)n(C)n3)cc2)CC1,6.96
CN1C[C@H]2CN(C(=N)c3nc4ccccc4[nH]3)C[C@H]2C1,5.42
CN1C[C@H]2CN(C(=N)c3nc4cc(F)c(F)cc4[nH]3)C[C@H]2C1,5.51
O=C([C@H]1C[C@H](Oc2cccnc2)CN1)N1CCCN(C2CCC2)CC1,8.59
Cn1cccc1C(=O)NCCc1ccc(OCCN2CCOCC2)c(Br)c1,4.75
COc1ccc(C2CN(C)Cc3cc(OCCCN4CCN(C5CC5)CC4)ccc32)cc1,7.52
CNCc1cc(C(=O)N2CCCN(C3CC3)CC2)ccc1Oc1ccc(C(F)(F)F)cc1,8.7
N#Cc1ccc(O[C@@H]2CN[C@@H](C(=O)N3CCCN(C4CC4)CC3)C2)cc1,7.64
N#Cc1ccc(O[C@@H]2CN[C@@H](C(=O)N3CCCN(C4CCCC4)CC3)C2)cc1,8.49
CN(C)CCCOc1c(Br)cc(CCN(C)C)cc1Br,7.52
OCCOc1ccc2c(c1)CCC1(CCN(C3CCC3)CC1)O2,6.9
O=S(=O)(c1ccccc1)N1CCCc2ccc(OCCCN3CCCCC3)cc21,8.14
CC(C)N1CCC(Oc2ccc3c(c2)cc2n3[C@H](C)CNC2=O)CC1,7.58
CC(C)N1CCC(Oc2ccc3c(c2)cc2n3C[C@@H](C)NC2=O)CC1,8.05
CSc1ccc(C2CN(C)Cc3cc(OCCCN4CCC(F)CC4)ccc32)cc1,7.82
CC(C)N1CCC(COc2ncc(C(=O)c3cccc(Cl)c3)n2C)CC1,8.3
CN1Cc2cc(OCCCN3CCC(F)CC3)ccc2C(c2ccc(C(F)(F)F)cc2)C1,7.75
Cc1cc(O[C@@H]2CN[C@@H](C(=O)N3CCCN(C4CCC4)CC3)C2)ccc1Cl,8.89
CC(C)N1C[C@@H](Oc2ccc(F)cc2)C[C@@H]1C(=O)N1CCCN(C2CCC2)CC1,7.92
CN(C)CCCOc1ccc(CCNC(=O)c2cc(Br)c[nH]2)cc1Br,5.98
c1cc2c(cc1OCC1CCOC1)CCC1(CCN(C3CCC3)CC1)O2,7.75
COc1ccc(C2CN(C)Cc3cc(OCCCN4CCN(C(C)=O)CC4)ccc32)cc1,6.57
CC(=O)N1C[C@@H](Oc2cccc(F)c2)C[C@@H]1C(=O)N1CCCN(C(C)C)CC1,7.29
CN1Cc2cc(OCCCN3CCC(F)CC3)ccc2C(c2ccc(C#N)cc2)C1,8.46
C=CCN(CC=C)CCc1c[nH]c2ccc(Br)cc12,5.83
COc1ccc(C2CN(C)Cc3cc(OCCCN4CCN(c5ccccc5O)CC4)ccc32)cc1,5.96
CNCc1cc(C#CCCN2CCCCC2)ccc1Oc1ccc(SC)cc1,8.77
O=S(=O)(c1ccccc1)N1CCCc2cc(OCCCN3CCCCC3)ccc21,7.75
CN1CCCC(COc2ccc(CCNC(=O)c3cccn3C)cc2Br)C1,5.78
CSc1ccc(O[C@@H]2CN[C@@H](C(=O)N3CCCN(C4CCC4)CC3)C2)cc1,8.55
COc1ccc(C2CN(C)Cc3cc(OCCCN4CCN(C(=O)C(C)C)CC4)ccc32)cc1,6.29
COc1cccc(O[C@@H]2CN[C@@H](C(=O)N3CCCN(C4CCC4)CC3)C2)c1,8.3
CN1Cc2cc(OCCCN3CCC(F)CC3)ccc2C(c2ccc(SC(F)(F)F)cc2)C1,7.34
COc1ccc(C2CN(C)Cc3cc(OCCCN4CCC(F)CC4)ccc32)cc1,8.7
CC(C)(C)c1ccc(OCCCCN2CCN(c3ncccn3)CC2)cc1,6.05
CS(=O)(=O)N1CCCc2cc(OCCCN3CCCCC3)ccc2C1,8.54
C[C@@H]1CCCN1CCCOc1ccc(C(=O)C(C)(C)N2CCOCC2)cc1,8.05
CC1CCN(CCc2ccc(OCCCN3CCC(c4noc5cc(F)ccc45)CC3)cc2)CC1,7.92
CC(C)N1CCC(COc2ncc(C(=O)c3ccc(F)cc3)n2C)CC1,8.52
Cc1cc(OCCCN2CCC[C@H]2C)ccc1C(=O)CN1CCOCC1,7.72
COCCCS(=O)(=O)c1ccc(-c2ccc(CCN3CCC[C@H]3C)cc2)cc1,8.38
O=C(NCCc1ccc(OCCN2CCCC2)c(Br)c1)c1cncs1,6.92
CNCc1cc(C(=O)N2CCCN(C3CC3)CC2)ccc1Oc1ccccc1C(F)(F)F,8.7
C1CCN(CCCOc2nc3c(s2)CCN(CCCN2CCCCC2)C3)CC1,7.7
CNCc1cc(C(=O)N2CCN(C3CC3)CC2)ccc1Oc1ccc(SC)cc1,7.54
Cc1nc2n(c(=O)c1CCN1CCC(c3noc4cc(F)ccc34)CC1)CCCC2,5.96
CN(C)CCOc1ccc(CCNC(=O)c2cc(Br)c[nH]2)cc1Br,5.79
N#Cc1ccc(-c2cc(N3CCNCC3)nc(N)n2)cc1,6.03
CC1(C)CCCN(CCCOc2ccc(C3CCN(C(=O)c4ccc(CCC(=O)O)c5ccccc45)CC3)cc2)C1,7.3
CC(C)(C)c1ccc(OCCCCCCN2CCCCCC2)cc1,6.08
c1ccc(-c2nc(OCCCN3CCCCC3)sc2-c2ccccc2)cc1,7.95
CCN1CCCc2cc(OCCCN3CCCCC3)ccc21,7.39
Cc1nc(OCCCN2CCCCC2)sc1-c1ccccc1,7.39
Clc1ccc(CNC[C@H]2C[C@@H]2c2c[nH]cn2)cc1,6.69
N#Cc1ccc(-c2ccc(OCCCN3CC[C@H](O)C3)cc2)cc1,7.71
O=C(NCCc1ccc(OCCN2CCCC2)c(Br)c1)c1cccc(Br)c1,6.68
CNCc1cc(C(=O)N2CCN(C(C)C)CC2)ccc1Oc1ccc(Cl)cc1,8.96
c1cc2c(cc1OCC1CCSCC1)CCC1(CCN(C3CCC3)CC1)O2,7.92
CSc1ccc(C2CN(C)Cc3cc(OCCCN4CCOCC4)ccc32)cc1,7.96
C[C@@H]1CCCN1CCCOc1ccc(C2=NNC(=O)[C@@H]3C[C@H]23)cc1,8.51
O=C(N1CCCN(C2CCC2)CC1)[C@@]1(Cc2ccc(C(F)(F)F)cc2)CCCN1,6.7
C=CCN(CC=C)CCc1c[nH]c2ccc(Cl)cc12,5.8
CN(C)CCOc1ccc(CCNC(=O)c2ccc(Br)o2)cc1Br,5.57
O=C([C@H]1C[C@H](Cc2ccc(F)cc2)CN1)N1CCCN(C2CCC2)CC1,6.52
Fc1ccc2c(C3CCN(CCCOc4ccc(CN5CCOCC5)cc4)CC3)noc2c1,6.78
CC(=O)c1nc(OCCCN2CCCCC2)sc1C,6.81
CNCc1cc(C#CCCN(C)C2CC2)ccc1Oc1ccc(Cl)c(Cl)c1,8.01
CC(C)(C)c1ccc(OCCCCN2CCN(c3cnccn3)CC2)cc1,5.26
N#Cc1ccc(O[C@H]2CN[C@H](C(=O)N3CCCN(C4CCC4)CC3)C2)cc1,7.35
Brc1ccc(C(OCCCc2c[nH]cn2)c2ccc3ccccc3c2)cc1,7.33
Fc1ccc2c(C3CCN(CCCOc4ccc(CN5CCCCC5)cc4F)CC3)noc2c1,6.57
CNCc1cc(C#CCCN2CCOCC2)ccc1Oc1cccc(Cl)c1,8.52
CNCc1cc(C#CCCN2CCOCC2)ccc1Oc1ccc(Cl)c(C(F)(F)F)c1,7.89
CN1Cc2cc(OCCCN3CCC(F)CC3)ccc2C(c2ccccc2)C1,8.48
CC(=O)c1ccc(OCCCN2CCN(c3ncccn3)CC2)cc1,5.63
CNCc1ccc(C#CCCN2CCOCC2)cc1Oc1ccc(SC)cc1,6.37
CCN(CC)CCCOC(=O)N1c2ccccc2Sc2ccccc21,6.02
COc1ccc(C2CN(C)Cc3cc(OCCCN4CCN(C(=O)c5ccncc5)CC4)ccc32)cc1,5.55
C=CCN(CC=C)CCc1c[nH]c2ccc(OC)cc12,5.77
COc1ccc(C2CN(C)Cc3cc(OCCCN4CCC(C(F)(F)F)CC4)ccc32)cc1,7.4
CN1CCN(C(=O)c2nc3ccc(Cl)cc3[nH]2)CC1,4.85
CNCc1cc(C(=O)N2CCCN(C3CC3)CC2)ccc1Oc1cccc(C#N)c1,9.15
CC(C)c1ccc(C(=O)c2cnc(OCC3CCN(C(C)C)CC3)n2C)cc1,8.05
C[C@H]1CN(c2ncc(Cl)c(Nc3ccc4c(c3)n(CCC(C)(C)O)c(=O)n4C)n2)C[C@@H](C)C1(F)F,5.69
CNCc1cc(C#CCCN(C)C2CC2)ccc1Oc1ccc(SC)cc1,8.21
CNCc1cc(C(=O)N2CCN(C3CCCC3)CC2)ccc1Oc1ccc(Cl)c(Cl)c1,7.7
CNCc1cc(C(=O)N2CCN(C(C)C)CC2)ccc1Oc1cccc(OC)c1,8.96
Fc1ccc2c(C3CCN(CCCOc4ccc(CCN5CCOCC5)cc4)CC3)noc2c1,7.85
COC(=O)c1ncn([C@H]2[C@H](O)[C@H](O)[C@]3(CO)C[C@H]23)n1,5.34
Cn1nc(-c2ccc(N3CCN(C4CCCC4)CC3)cc2)ccc1=O,7.03
c1nc([C@H]2C[C@H]2CCNCC2CCCCC2)c[nH]1,7.69
O=C(CN1CCCCC1)c1ccc(OCCCN2CCCC2)cc1,7.5
CN(C)CCCOc1nc2c(s1)CCCC2=O,6.82
O=c1c2cc(OCCCN3CCCCC3)ccc2nc2n1CCC2,5.6
CN(C)CCOc1ccc(CCNC(=O)c2ccc[nH]2)cc1Br,5.81
Cc1cc(N2CCC(N3CCCC3C)C2)ccc1NC(=O)c1ccccc1F,7.86
COc1ccc([C@H]2CN(C)Cc3cc(OCCCN4CCOC[C@@H]4C)ccc32)cc1,8.16
CNCc1cc(C(=O)N2CCCN(C3CC3)CC2)ccc1Oc1ccc(F)cc1,9.1
Cc1[nH]cnc1[C@@H]1C[C@H]1CCNCc1ccc(Cl)cc1,7.41
Fc1ccc2c(C3CCN(CCCOc4ccc(CN5CCOCC5)c(F)c4)CC3)noc2c1,6.73
O=C(/C=C/c1ccccc1)c1ccc(OCCCc2c[nH]cn2)cc1,8.08
N#Cc1ccc(OC2CCN(C3CCCC3)CC2)cc1,7.89
O=C(CCC(=O)N1CCN(C2CCCC2)CC1)c1ccc(Cl)cc1,8.92
Clc1ccc(CNCC[C@@H]2C[C@@H]2c2c[nH]cn2)cc1,7.36
Cn1c(C(=O)c2ccc(Cl)cc2)cnc1SCCCN1CCCCC1,8.22
O=C1CCc2ccc(OCCCCN3CCN(c4cccc(Cl)c4Cl)CC3)cc2N1,5.63
CN(C)CCCSc1ncc(Cc2ccc(Cl)cc2)n1C,7.7
COc1cc(CN2CCOCC2)ccc1OCCCN1CCC(c2noc3cc(F)ccc23)CC1,6.83
O=C(NCCc1ccc(OCCN2CCCC2)c(Br)c1)c1cc(Br)cs1,7.1
Cc1ccc(C2CN(C)Cc3cc(OCCCN4CCC(F)CC4)ccc32)cc1,8.08
c1cc(-c2ccc(CN3CCCCC3)cc2)ccc1CN1CCCCC1,9.52
CCCN1CCC(Oc2ccc(C#N)cc2)CC1,6.97
Fc1ccc2c(C3CCN(CCCOc4ccc(CN5CCOCC5)cc4F)CC3)noc2c1,6.71
COc1ccc(C2CN(C)Cc3cc(OCCCN4CCN(c5nccs5)CC4)ccc32)cc1,6.57
COc1cccc(C2CN(C)Cc3cc(OCCCN4CCC(F)CC4)ccc32)c1,8.7
CCN1CCCc2cccc(OCCCN3CCCCC3)c21,6.0
CNCc1cc(C#CCCN2CCOCC2)ccc1Oc1ccc(Cl)c(Cl)c1,7.96
CNCc1cc(C(=O)N2CCN(C3CCC3)CC2)ccc1Oc1ccc(Cl)cc1,8.62
COc1ccc(C2CN(C)Cc3cc(OCCCN4CCN(c5ccc(C(F)(F)F)cc5)CC4)ccc32)cc1,5.84
COc1ccc(C2CN(C)Cc3cc(OCCCN4CCC(O)CC4)ccc32)cc1,7.96
Cc1cc(OCCCN2CCC(c3noc4cc(F)ccc34)CC2)ccc1CN1CCCC1,6.95
CNCc1cc(C(=O)N2CCCN(C3CC3)CC2)ccc1Oc1ccc(Cl)cc1F,8.85
CC(C)N1CCC(Oc2ccc3c(c2)cc2n3CCN(Cc3ccccn3)C2=O)CC1,8.22
O=C(NCCc1ccc(OCCN2CCOCC2)c(Br)c1)c1cc(Br)cs1,4.87
COc1ccc(C2CN(C)Cc3cc(OCCCNC4CC4)ccc32)cc1,7.42
CNCc1cc(C#CCCN2CCOCC2)ccc1Oc1ccccc1,8.24
CC(C)N1CCC(Oc2ccc3c(c2)cc2n3CCN(CC3CC3)C2=O)CC1,8.05
C=CCN(CC=C)CCc1c[nH]c2ccc(F)cc12,5.68
COc1ccc(C2CN(C)Cc3cc(OCCCN4CC(F)(F)C4)ccc32)cc1,7.16
C[C@@H]1CCCN1CCCOc1ccc(C2=NNC(=O)[C@H]3C[C@@H]23)cc1,8.35
Fc1ccc2c(C3CCN(CCCCOc4ccc(CN5CCOCC5)cc4)CC3)noc2c1,6.82
