SMILES,Y
CC(=O)N1CCc2c(n(C)c3cc(-n4ccc(OCc5ccc(F)cn5)cc4=O)ccc23)CC1,7.22
O=c1cc(-c2ccc(C(F)(F)F)cn2)ccn1-c1ccc2c3c([nH]c2c1)CCCNC3,7.91
CC(C)N(CCN(C(=O)Nc1ccc(F)c(Cl)c1)[C@@H]1CC[C@]2(c3cccc(CN(C)C)c3)CC2C1)C(C)C,7.89
COc1ccc2c(c1)CCC(N(CCCN1CCN(C)CC1)C(=O)Nc1ccc(F)c(Cl)c1)C2,6.72
N#Cc1cccc([C@]23CC[C@@H](N(CC4CCN(C5CCOCC5)CC4)C(=O)Nc4ccc(F)c(Cl)c4)CC2C3)c1,8.06
COc1cc(NC(=O)c2ccc(C3CCCCC3)cc2)ccc1O[C@H]1CCCC[C@@H]1N(C)C,5.6
Cc1ccc(CN2CCC(NC(=O)N(CC(=O)C(C)(C)O)Cc3ccc(-c4cccc(C#N)c4)cc3)CC2)cc1,5.2
CN(C(=O)N1CC[C@@H](N(C)C(=O)c2ccc(-c3ccc(C(F)(F)F)cc3)s2)C1)[C@H]1CCN(C2CCC(C)(C)CC2)C1,6.47
CC(C)CN(C)[C@@H]1CCN(C(=O)N2CC[C@H](N(C)C(=O)c3ccc(-c4ccc(C(F)(F)F)cc4)cc3)C2)C1,7.42
COc1cccc(N2C(=O)N(Cc3ccccc3F)C3(CCN(Cc4ccc(-c5ccc(N)nc5)cc4)CC3)C2=O)c1,7.7
CCO/N=C/c1cccc([C@]23CC[C@@H](N(CCN(C(C)C)C(C)C)C(=O)Nc4ccc(F)c(Cl)c4)CC2C3)c1,7.54
Cn1c2c(c3ccc(N4CCN(CCc5ccc(Cl)cc5)CC4=O)nc31)C1CCC(C2)N1,7.0
CC(C)N(CCN(C(=O)Nc1ccc(F)cc1)[C@@H]1CC[C@]2(c3cccc(C#N)c3)CC2C1)C(C)C,7.98
CC(C)N(CCOc1ccc(NC(=O)c2ccc3oc4ccccc4c3c2)cc1)C(C)C,5.7
CS(=O)(=O)N1CCC(CN(C(=O)Nc2ccc(F)c(Cl)c2)[C@@H]2CC[C@]3(c4cccc(C#N)c4)CC3C2)CC1,8.14
CN(C(=O)c1ccc(-c2ccc(C(F)(F)F)cc2)cc1)[C@H]1CCN(C(=O)N2CC[C@@H](N(C)C)C2)C1,7.47
N#Cc1cccc([C@]23CC[C@@H](N(CCN4CC[C@@H](O)C4)C(=O)Nc4ccccc4)CC2C3)c1,6.88
Cn1c2c(c3ccc(-n4ccc(OCc5ccccc5)cc4=O)cc31)C1CCCCN1CC2,7.68
COc1ccc(-c2ccc(CN(CCC3CCN(Cc4ccc(C)cc4)CC3)C(=O)NC(C)(C)COC(C)=O)cc2)cc1,6.22
CC(=O)N1C2CCC1c1c(n(C)c3cc(-n4ccc(OCc5ccccc5)cc4=O)ccc13)C2,6.88
COc1cc(NC(=O)c2ccc(-c3ccccc3)cc2)ccc1OCCN(C)Cc1ccccc1,7.3
O=c1cc(OCc2ccc(F)cn2)ccn1-c1ccc2c3c([nH]c2c1)CCN1CCCC31,7.85
CC(C)N(CCN(C(=O)Nc1ccc(F)c(F)c1)[C@@H]1CC[C@]2(c3ccccc3)CC2C1)C(C)C,7.04
COc1cc(NC(=O)c2ccc(-c3ccccc3)c(C)c2)ccc1OCCN(C(C)C)C(C)C,6.8
CCN(CC)CCOc1ccc(NC(=O)c2ccc(-c3ccccc3)cc2)cc1OC,7.5
COc1cc(-n2cnc3ccc(Oc4ccccc4)cc3c2=O)ccc1OCCN1CCCC1,6.5
O=C1N(c2ccccc2)C(=O)C2(CCN(Cc3ccc(-n4ccnc4)cc3)CC2)N1Cc1ccccc1F,6.94
CN1CC[C@@H](N(C)C(=O)N2CC[C@H](N(C)C(=O)c3ccc(-c4ccc(Cl)cc4)cc3)C2)C1,8.7
Cn1c2c(c3ccc(-n4ccc(-c5ccc(C(F)(F)F)cn5)cc4=O)cc31)CCN1CCCCC21,6.32
CCN1CCN(Oc2ccc(NC(=O)c3ccc(C4CCCCC4)cc3)cc2OC)CC1,7.1
O=C1N(C2CCCCC2)C(=O)C2(CCN(Cc3ccc(-n4ccnc4)cc3)CC2)N1Cc1ccccc1F,6.47
Cn1c2c(c3ccc(-n4ccc(OCc5ccc(C(F)(F)F)nc5)cc4=O)cc31)C1CCC(C2)N1,7.92
CC(C)N(CCN(C(=O)Nc1ccc(F)c(Cl)c1)[C@@H]1CC[C@]2(c3cccc(CN4CCN(C)CC4)c3)CC2C1)C(C)C,7.27
COc1cc(-n2cnc3sc(-c4ccccc4)cc3c2=O)ccc1OCCN1CCCC1,6.1
CN1CC[C@@H](N(C)C(=O)N2CC[C@H](N(C)C(=O)c3ccc(-c4ccc(Cl)cc4)s3)C2)C1,8.7
COc1cccc(N2C(=O)N(Cc3ccccc3F)C3(CCN(Cc4ccc(-c5cccc(NS(C)(=O)=O)c5)cc4)CC3)C2=O)c1,5.1
CN1CC[C@@H](N(C)C(=O)N2CC[C@H](N(C)C(=O)c3ccc(-c4ccccc4C(F)(F)F)s3)C2)C1,7.21
COc1cccc(N2C(=O)N(Cc3ccccc3F)C3(CCN(Cc4ccc(-c5ccncc5)cc4)CC3)C2=O)c1,7.36
COc1ccc(COc2cnn(CC(=O)c3ccc(CN(C)C)cc3C)c(=O)c2)nc1,7.85
CCOc1ccc(-c2ccc(C(=O)N(C)[C@H]3CCN(C(=O)N(C)[C@@H]4CCN(C)C4)C3)s2)cc1,7.2
CN(C(=O)c1ccc(-c2ccc(Cl)cc2)cc1)[C@H]1CCN(C(=O)N2CC[C@H](NCCCc3ccccc3)C2)C1,8.19
Cc1ccc(-c2ccn(-c3ccc4c5c(n(C)c4c3)CCN3CCCC53)c(=O)c2)cn1,7.12
COc1cncc(-c2ccc(CN3CCC4(CC3)C(=O)N(c3cccc(OC)c3)C(=O)N4Cc3ccccc3F)cc2)c1,7.89
Cc1ccc(-c2ccn(-c3ccc4c5c(n(C)c4c3)CCCNC5)c(=O)c2)cn1,7.76
Cn1c2c(c3ccc(-n4ccc(OCc5ccc(F)cn5)cc4=O)cc31)C1CCCCN1CC2,8.08
Cn1c2c(c3ccc(-n4ccc(OCc5ccc(F)cn5)cc4=O)nc31)C1CCCN1CC2,7.68
CC(=O)N1CCC(N[C@@H]2CCN(C(=O)N3CC[C@H](N(C)C(=O)c4ccc(-c5ccc(C(F)(F)F)cc5)cc4)C3)C2)CC1,7.68
O=C(Nc1ccc(OCCN2CCCC2)cc1)c1ccc2oc3ccccc3c2c1,5.6
CN(C(=O)c1ccc(-c2ccc(C(N)=O)cc2)cc1)[C@H]1CCN(C(=O)N2CC[C@H](NCCCc3ccccc3)C2)C1,6.2
Cc1ccc(COc2ccn(-c3ccc4c5c(n(C)c4c3)CCN3CCCC53)c(=O)c2)cn1,7.89
COc1ccc(-c2ccc(C(=O)N(C)C3CCN(C(=O)N(C)C4CCN(C5CCC(C)(C)CC5)C4)C3)cc2)nn1,5.98
CCC(COC(C)=O)(COC(C)=O)NC(=O)N(CCC1CCN(Cc2ccc(C)cc2)CC1)Cc1ccc(-c2ccccc2OC)cc1,5.92
N#Cc1ccc(C2=CCC(N(CCN3CCCC3)C(=O)Nc3ccc(F)c(Cl)c3)CC2)s1,8.38
COc1cc(NC(=O)c2ccc(-c3ccccc3)cc2)ccc1OCCN1CCCCC1,7.4
CS(=O)(=O)c1ccc([C@]23CC[C@@H](N(CC4CCN(S(C)(=O)=O)CC4)C(=O)Nc4ccc(F)c(Cl)c4)[C@H]2C3)cc1,6.01
CC(=O)N1CCc2c(c3ccc(-n4ccc(-c5ccc(C(F)(F)F)nc5)cc4=O)nc3n2C)C1,7.11
CN(C(=O)c1ccc(-c2ccc(C(F)(F)F)cc2)cc1)[C@H]1CCN(C(=O)N2CC[C@@H](NCCC(C)(C)c3ccc(Cl)cc3)C2)C1,7.85
CC(C)N(CCN(C(=O)Nc1ccc(F)c(Cl)c1)[C@@H]1CC[C@]2(c3cccc(C#N)c3)CC2C1)[C@H](C)CO,8.03
COC[C@H]1OC(OCc2ccc3ccccc3c2)[C@H](NC(=O)CCN=C(N)N)[C@@H](OCc2ccc3ccccc3c2)[C@@H]1O,5.2
CC(C)N1CCc2nc3cc(-n4ccc(OCc5ccccc5)cc4=O)ccn3c2C1,7.72
CC(C)N(CCN(C(=O)Nc1ccc(F)c(Cl)c1)[C@@H]1CC[C@]2(c3cccc(C(N)=O)c3)CC2C1)C(C)C,6.85
COc1cccc(N2C(=O)N(C3CCCCC3)C3(CCN(Cc4ccc(-c5cccc(C#N)c5)cc4)CC3)C2=O)c1,7.92
COc1ccc(-n2cnn3nc(-c4ccc(Cl)cc4)cc3c2=O)cc1OC,7.07
COc1cc(NC(=O)c2ccc(-c3ccc(C(F)(F)F)cc3)cc2)ccc1OCCN(C(C)C)C(C)C,7.1
Cc1cc(NC(=O)c2ccc(-c3ccccc3)cc2)ccc1OCCN(C(C)C)C(C)C,7.2
N#Cc1cccc(NC(=O)N(CCN2CC[C@@H](O)C2)[C@@H]2CC[C@]3(c4cccc(C#N)c4)CC3C2)c1,7.04
CC1Cc2c(c3ccc(N4CCN(CCc5ccc(F)cc5)CC4=O)nc3n2C)CN1,7.24
CCc1cc(NC(=O)c2ccc(-c3ccccc3)cc2)ccc1OCCN(CC)CC,7.3
Cn1c2c(c3ccc(-n4ccc(-c5ccc(C(F)(F)F)cc5)nc4=O)cc31)CCNCC2,7.77
CS(=O)(=O)N1CCC(CCN(C(=O)Nc2ccc(F)c(C(F)(F)F)c2)[C@@H]2CC[C@]3(c4cccc(C#N)c4)CC3C2)CC1,7.1
COc1ccc2c(c1)CC(N(CCCN1CCN(C)CC1)C(=O)Nc1ccc(F)c(Cl)c1)CC2,7.04
CN(C(=O)c1ccc(-c2ccc(C(F)(F)F)cc2)cn1)[C@H]1CCN(C(=O)N(C)[C@@H]2CCN(C3CCC(C)(C)CC3)C2)C1,8.41
Cn1c2c(c3ccc(N4CCN(CCc5ccccc5)CC4=O)cc31)C1CCC(C2)N1,7.77
CN(C(=O)c1cnc(-c2ccc(C(F)(F)F)cc2)s1)C1CCN(C(=O)N(C)C2CCN(C3CCC(C)(C)CC3)C2)C1,6.34
COc1cc(NC(=O)c2cccc(Cc3ccccc3)c2)ccc1OCCN(C(C)C)C(C)C,6.8
COc1ccc(-c2ccc(CN(CCC3CCN(Cc4ccc(C)cc4)CC3)C(=O)NC(C)C)cc2)cc1,6.56
Cc1ccc(C2=CCC(N(CCN3CCCC3)C(=O)Nc3ccc(F)c(Cl)c3)CC2)s1,7.07
Cn1c2c(c3ccc(-n4ccc(-c5ccc(C(F)(F)F)nc5)cc4=O)nc31)C1CCC(C2)N1,6.96
COc1cccc(N2C(=O)N(Cc3ccccc3F)C3(CCN(Cc4ccc(-c5cccc(NC(C)=O)c5)cc4)CC3)C2=O)c1,6.82
Cc1ccc(-c2ccc(C(=O)N(C)[C@H]3CCN(C(=O)N(C)[C@@H]4CCN(C)C4)C3)s2)c(Cl)c1,9.0
CC(=O)OCC(C)(C)NC(=O)N(CCC1CCN(Cc2ccc(C)cc2)CC1)Cc1ccc(-c2ccccc2)cc1,6.02
CN(C(=O)c1ccc(-c2ccc(C(F)(F)F)cc2)cc1)C1CCN(C(=O)N(C)C2CCN(CCS(=O)(=O)c3ccc(Cl)cc3)C2)C1,7.85
CCC(COC(C)=O)(COC(C)=O)NC(=O)N(CCC1CCN(Cc2ccc(C)cc2)CC1)Cc1ccc(-c2ccc(F)cc2)cc1,6.67
COc1cccc(N2C(=O)N(Cc3ccccc3F)C3(CCN(Cc4ccc(-c5ccccc5)cc4)CC3)C2=O)c1,5.03
CN1C2CCC1c1c(n(C)c3cc(-n4ccc(OCc5ccccc5)cc4=O)ccc13)C2,8.01
COc1cc(N(C)C(=O)c2ccc(C3CCCCC3)cc2)ccc1OCCN(C(C)C)C(C)C,7.0
CC(=O)OCC(C)(C)NC(=O)N(CCC1CCN(Cc2ccc(C)cc2)CC1)Cc1ccc(-c2ccc(F)cc2)cc1,6.38
COc1cccc(N2C(=O)N(Cc3ccccc3F)C3(CCN(Cc4ccc(-n5ccnc5C)cc4)CC3)C2=O)c1,6.52
Cc1cccc(N2C(=O)N(c3ccccc3)C3(CCN(Cc4ccc(-c5cccc(C#N)c5)cc4)CC3)C2=O)c1,8.22
N#Cc1cccc([C@]23CC[C@@H](N(CCN4CC[C@@H](O)C4)C(=O)Nc4ccccc4F)CC2C3)c1,5.72
CC(C)N(CCN(C(=O)Nc1cccc(Cl)c1)[C@@H]1CC[C@]2(c3cccc(C#N)c3)CC2C1)C(C)C,8.22
COc1cc(-n2cnn3cc(-c4ccc(Cl)cc4)nc3c2=O)ccc1OCCN1CCCC1,8.36
CCCCN1CCC(N(C)C(=O)N2CCC(N(C)C(=O)c3ccc(-c4ccc(C(F)(F)F)cc4)cc3)C2)C1,7.19
COc1ccccc1-c1ccc(CN(CC(=O)C(C)(C)O)C(=O)NC2CCN(Cc3ccc(C)cc3)CC2)cc1,5.22
O=c1cc(-c2ccc(C(F)(F)F)cn2)ccn1-c1ccc2c3c([nH]c2c1)CCNCC3,5.86
CC(C)N(CCN(C(=O)Nc1ccc(F)c(Cl)c1)[C@@H]1CC[C@]2(c3cccc(CO)c3)CC2C1)C(C)C,7.32
CN(C(=O)c1ccc(-c2ccc(C(F)(F)F)cc2)cc1)[C@H]1CCN(C(=O)N2CC[C@@H](NCCc3ccccc3)C2)C1,7.77
COC[C@H]1OC(OCc2ccc(Cl)cc2)[C@H](NC(=O)CCCN=C(N)N)[C@@H](OCc2ccc(Cl)cc2)[C@@H]1O,5.92
COc1cccc(N2C(=O)N(Cc3ccccc3F)C3(CCN(Cc4ccc(-n5cccc5)cc4)CC3)C2=O)c1,5.82
COc1cc(NC(=O)c2ccc(-c3ccccc3)cc2)ccc1OCCN(C)C,7.3
Cn1c2c(c3ccc(-n4ccc(OCc5ccccc5)cc4=O)nc31)C(=O)NCC2,6.99
CC(C)N(CCN(C(=O)Nc1cccc(C#N)c1)[C@@H]1CC[C@]2(c3cccc(C#N)c3)CC2C1)C(C)C,8.12
O=C(Nc1ccc(F)c(Cl)c1)N(CCN1CCCC1)C1CC=C(c2cc3ccccc3o2)CC1,6.5
CCC(COC(C)=O)(COC(C)=O)NC(=O)N(CCC1CCN(Cc2ccc(C)cc2)CC1)Cc1ccc(-c2ccc(OC)cc2)cc1,6.77
Cc1ccc(COc2ccn(-c3ccc4c5c(n(C)c4c3)CCN3CCCCC53)c(=O)c2)cn1,7.72
CN1CC[C@@H](N(C)C(=O)N2CC[C@H](N(C)C(=O)c3ccc(-c4ccc(S(C)(=O)=O)cc4)s3)C2)C1,5.22
COc1ccc(-n2cnn3cc(-c4ccc(Cl)cc4)cc3c2=O)cc1OC,7.68
Cc1cc(OCCN(C(C)C)C(C)C)ccc1NC(=O)c1ccc(-c2ccccc2)cc1,7.6
O=C(Nc1ccc(OCCN2CCCC2)cc1)c1ccc2c(c1)CCc1ccccc1-2,6.0
Cc1ccc(CN2CCC(NC(=O)N(CC(=O)C(C)(C)O)Cc3ccc(-c4ccc(F)cc4)cc3)CC2)cc1,5.23
Cc1cccc(C)c1-c1ccc(C(=O)N(C)[C@H]2CCN(C(=O)N(C)[C@@H]3CCN(C)C3)C2)s1,6.51
CCC(CO)(CO)NC(=O)N(CCC1CCN(Cc2ccc(C)cc2)CC1)Cc1ccc(-c2ccc(OC)cc2)cc1,6.84
Cc1ccc(CN2CCC(NC(=O)NCc3ccc(-c4cccc(C#N)c4)cc3)CC2)cc1,6.73
CS(=O)(=O)N1CCC(CN(C(=O)Nc2ccc(F)c(C(F)(F)F)c2)[C@@H]2CC[C@]3(c4cccc(C#N)c4)CC3C2)CC1,7.58
CC(=O)OCC(C)(C)NC(=O)N(CCC1CCN(Cc2ccc(C)cc2)CC1)Cc1ccc(-c2cccc(C#N)c2)cc1,6.59
COc1cccc(N2C(=O)N(Cc3ccccc3F)C3(CCN(Cc4ccc(-c5cccc(C#N)c5)cc4)CC3)C2=O)c1,7.7
Cc1ccc(CN2CCC(NC(=O)NCc3ccc(-c4ccc(F)cc4)cc3)CC2)cc1,6.26
CCC(CO)(CO)NC(=O)N(CCC1CCN(Cc2ccc(C)cc2)CC1)Cc1ccc(-c2cccc(C#N)c2)cc1,6.11
CN(C(=O)c1ccc(-c2ccc(C(F)(F)F)cc2)cc1)[C@H]1CCN(C(=O)N2CC[C@@H](NCCCC(F)(F)F)C2)C1,7.8
CC(C)Oc1ccc(-c2ccc(C(=O)N(C)[C@H]3CCN(C(=O)N(C)[C@@H]4CCN(C)C4)C3)s2)cc1,5.48
CN(C(=O)c1ccc(-c2ccc(C(F)(F)F)cc2)s1)[C@H]1CCN(C(=O)N(C)[C@@H]2CCN(C3CCC(C)(C)CC3)C2)C1,5.95
CC(=O)N1CCCc2c(c3ccc(-n4ccc(OCc5ccc(F)cn5)cc4=O)cc3n2C)C1,7.24
CC(C)N(CCOc1ccc(NC(=O)c2ccc3c(c2)C(=O)c2ccccc2-3)cc1)C(C)C,6.7
Cn1c2c(c3ccc(-n4ccc(OCc5ccc(C(F)(F)F)nc5)cc4=O)cc31)C1CCCN1CC2,7.92
CN1CC[C@H](N(C)C(=O)N2CC[C@@H](N(C)C(=O)c3ccc(-c4ccc(C(F)(F)F)cc4)s3)C2)C1,6.72
Cn1c2c(c3ccc(-n4ncc(OCc5ccc(F)cn5)cc4=O)nc31)CCNCC2,7.28
Cn1c2c(c3ccc(-n4ccc(OCc5ccc(F)cc5F)cc4=O)nc31)C1CCC(C2)N1,7.58
COc1cccc(N2C(=O)N(Cc3ccccc3F)C3(CCN(Cc4ccc(-c5cccc(N(C)CCC#N)c5)cc4)CC3)C2=O)c1,7.72
O=C1N(Cc2ccccc2)C(=O)C2(CCN(Cc3ccc(-n4ccnc4)cc3)CC2)N1Cc1ccccc1F,6.82
Cn1c2c(c3ccc(-n4ccc(OCc5ccccc5)cc4=O)nc31)C1CCCN1CC2,7.92
Cn1c2c(c3ccc(-n4ccc(-c5ccc(C(F)(F)F)cn5)cc4=O)cc31)CCNCC2,8.0
CN1CCC(CNC(=O)c2cc(Cl)cc(Cl)c2)(c2ccc(-c3cccc(C#N)c3)cc2)CC1,6.81
COc1cc(NC(=O)c2ccc(-c3ccccc3)cc2C)ccc1OCCN(C(C)C)C(C)C,6.9
CN(C(=O)c1ccc(-c2ccc(C(F)(F)F)cc2)cc1)[C@H]1CCN(C(=O)N2CC[C@@H](NCCn3cccc3)C2)C1,7.4
COc1cc(-n2nnc3ccc(Oc4ccccc4)cc3c2=O)ccc1OCCN1CCCC1,7.4
COc1cccc(N2C(=O)N(Cc3ccccc3F)C3(CCN(Cc4ccc(-c5ccc(OC)nc5)cc4)CC3)C2=O)c1,6.5
CS(=O)(=O)N1CCCCC1CN(C(=O)Nc1ccc(F)c(Cl)c1)[C@@H]1CC[C@]2(c3cccc(C#N)c3)CC2C1,6.53
CC(=O)NCc1cccc([C@]23CC[C@@H](N(CCN(C(C)C)C(C)C)C(=O)Nc4ccc(F)c(Cl)c4)CC2C3)c1,7.51
CC(=O)N1C2CCC1c1c(n(C)c3cc(-n4ccc(OCc5ccc(F)cn5)cc4=O)ccc13)C2,7.12
COc1cc(N(C)C(=O)c2ccc(-c3ccccc3)cc2)ccc1OCCN1CCCC1,7.7
Cn1c2c(c3ccc(-n4ccc(OCc5ncc(F)cc5F)cc4=O)nc31)CCNCC2,7.15
CN(C(=O)c1ccc(-c2ccncc2)cc1)[C@H]1CCN(C(=O)N2CC[C@H](NCCCc3ccccc3)C2)C1,6.2
CC1CCC(N(C)[C@@H]2CCN(C(=O)N3CC[C@H](N(C)C(=O)c4ccc(-c5ccc(C(F)(F)F)cc5)cc4)C3)C2)CC1,7.54
COc1cc(-n2cnn3cc(-c4ccc(Cl)cc4)nc3c2=O)ccc1OCC(O)C1CC1,7.58
Cn1c2c(c3ccc(-n4ccc(OCc5ccc(F)cn5)cc4=O)nc31)C1CCC(C2)N1,7.42
Cc1ccc(-c2ccc(C(=O)N(C)[C@H]3CCN(C(=O)N(C)[C@@H]4CCN(C)C4)C3)s2)cc1,8.52
COc1ccc(-c2ccc(CNC(=O)NC3CCN(Cc4ccc(C)cc4)CC3)cc2)cc1,5.84
O=c1cc(OCc2ccc(C(F)(F)F)nc2)ccn1-c1ccn2c3c(nc2c1)CCNC3,5.48
CN(C(=O)c1ccc(-c2ccc(C(F)(F)F)cc2)cc1)C1CCN(C(=O)N(C)C2CCN(C3CCC(C)(C)CC3)C2)C1,7.51
CCN(CC)Cc1cccc([C@]23CC[C@@H](N(CCN(C(C)C)C(C)C)C(=O)Nc4ccc(F)c(Cl)c4)CC2C3)c1,7.34
CN1CCC(N(C)C(=O)CCCN(C)C(=O)c2ccc(-c3ccccc3)cc2)C1,6.85
Cn1c2c(c3ccc(-n4ccc(OCc5ccc(F)cn5)cc4=O)cc31)C1CCC(C2)N1,7.87
CCS(=O)(=O)N1CCC(CN(C(=O)Nc2ccc(F)c(F)c2)[C@@H]2CC[C@]3(c4cccc(C#N)c4)CC3C2)CC1,7.68
Cn1c2c(c3ccc(-n4ccc(OCc5ccc(F)cc5F)cc4=O)nc31)CN1CCCC1C2,7.51
COc1cncc(-c2ccc(C(=O)N(C)[C@H]3CCN(C(=O)N4CC[C@H](NCCCc5ccccc5)C4)C3)cc2)c1,6.0
COc1cc(-n2cnn3cc(-c4ccc(Cl)cn4)cc3c2=O)ccc1OC[C@H](O)C1CC1,8.19
O=c1cc(OCc2ccccc2)ccn1-c1ccn2c3c(nc2c1)CCNC3,7.68
COc1cc(NC(=O)c2ccc(C3CCCCC3)cc2)ccc1OC[C@@H]1CCCN1C,7.4
Cn1c2c(c3ccc(-n4ccc(OCc5ccc(F)cn5)cc4=O)cc31)CCN1CCCCC21,7.35
COc1cc(-n2cnn3cc(-c4ncc(Cl)cn4)cc3c2=O)ccc1OCC(C)(C)O,7.89
CS(=O)(=O)c1ccc([C@]23CC[C@@H](N(CCCN4CCCC4=O)C(=O)Nc4ccc(F)c(Cl)c4)[C@H]2C3)cc1,5.79
Cc1ccc(CN2CCC(CCN(Cc3ccc(-c4cccc(C#N)c4)cc3)C(=O)NC(C)(C)CO)CC2)cc1,7.37
CC(C)N(CCN(C(=O)Nc1ccc(F)c(Cl)c1)[C@@H]1CC[C@]2(c3cccc(CN)c3)CC2C1)C(C)C,8.64
CC(C)N(CCN(C(=O)Nc1cccc(Br)c1)[C@@H]1CC[C@]2(c3cccc(C#N)c3)CC2C1)C(C)C,8.24
CC(=O)N(CCC(C)(C)c1ccc(Cl)cc1)[C@@H]1CCN(C(=O)N2CC[C@H](N(C)C(=O)c3ccc(-c4ccc(C(F)(F)F)cc4)cc3)C2)C1,7.32
Cn1c(CN2CCC(CNC(=O)Nc3ccccc3F)(c3ccc(-c4cccnc4)cc3)CC2)nc2ccccc21,7.01
CN(C(=O)c1ccc(-c2ccc(C(F)(F)F)cc2)cc1)[C@H]1CCN(C(=O)N2CC[C@@H](N)C2)C1,7.29
Cc1ccccc1Nc1nc(N)nc(CN(C)Cc2cccc(Cl)c2)n1,5.11
CS(=O)(=O)N1CCC(CN(C(=O)Nc2ccc(F)c(F)c2)[C@@H]2CC[C@]3(c4cccc(C#N)c4)CC3C2)CC1,8.27
CCN(CC)CCOc1ccc(NC(=O)c2ccc(-c3ccccc3)cc2)cc1C(C)=O,7.5
O=C1N(CCc2ccccc2)C(=O)C2(CCN(Cc3ccc(-n4ccnc4)cc3)CC2)N1Cc1ccccc1F,6.4
COc1cc(-n2cnn3nc(-c4ccc(Cl)cc4)cc3c2=O)ccc1OCCN1CCCC1,9.15
Cc1ccc(COc2ccn(-c3ccc4c5c(n(C)c4c3)CCNCC5)c(=O)c2)cn1,7.58
CN(C(=O)c1ccc(-c2ccc(C(F)(F)F)cc2)cc1)[C@H]1CCN(C(=O)N2CC[C@@H](NCCCc3ccccc3)C2)C1,8.01
O=c1cc(OCc2ccc(F)cn2)ccn1-c1ccn2c3c(nc2c1)CCNC3,7.52
CN1CCC(N2CCC(N(C)C(=O)N3CCC(N(C)C(=O)c4ccc(-c5ccc(C(F)(F)F)cc5)cc4)C3)C2)CC1,7.08
O=C1NC(=O)C2(CCN(Cc3ccc(-n4ccnc4)cc3)CC2)N1Cc1ccccc1F,5.68
O=c1cc(OCc2ccccc2)ccn1-c1ccc2c3c([nH]c2c1)CCN1CCCC31,8.22
CS(=O)(=O)N1CCCC(CN(C(=O)Nc2ccc(F)c(Cl)c2)[C@@H]2CC[C@]3(c4cccc(C#N)c4)CC3C2)C1,6.68
Cn1c2c(c3ccc(-n4ccc(-c5ccc(C(F)(F)F)cn5)cc4=O)cc31)CN1CCC2CC1,6.91
CC(C)N(CCOc1ccc(NC(=O)c2ccc(-c3ccccc3)cc2)cc1)C(C)C,7.2
CNC1CCN(c2ccc(-n3cnn4cc(-c5ccc(Cl)cc5)cc4c3=O)cn2)C1,9.4
Cn1c2c(c3ccc(-n4ccc(OCc5ccc(Cl)cc5Cl)cc4=O)nc31)C1CCC(C2)N1,7.55
CN1CCN(CCCN(C(=O)Nc2ccc(F)c(Cl)c2)[C@@H]2CC[C@]3(c4ccc(S(C)(=O)=O)cc4)C[C@H]23)CC1,8.03
CN1CC[C@@H](N(C)C(=O)N2CC[C@H](N(C)C(=O)c3ccc(-c4ccccc4Cl)s3)C2)C1,8.0
CN1CC[C@H](N(C)C(=O)N2CC[C@H](N(C)C(=O)c3ccc(-c4ccc(C(F)(F)F)cc4)s3)C2)C1,7.85
CC(=O)N1C2CCC1c1c([nH]c3cc(-n4ccc(OCc5ccccc5)cc4=O)ccc13)C2,7.01
CC(C)N(CCN(C(=O)Nc1cc(Cl)nc(Cl)c1)[C@@H]1CC[C@]2(c3cccc(C#N)c3)CC2C1)[C@@H](C)CO,8.8
COc1ccccc1-c1ccc(CNC(=O)NC2CCN(Cc3ccc(C)cc3)CC2)cc1,6.37
CCN1C(=O)N(Cc2ccccc2F)C2(CCN(Cc3ccc(-n4ccnc4)cc3)CC2)C1=O,5.96
CN1CCN(CCCN(C(=O)Nc2ccc(F)c(Cl)c2)[C@@H]2CC[C@@H](c3cccc(C#N)c3)C2)CC1,6.79
CCC(CO)(CO)NC(=O)N(CCC1CCN(Cc2ccc(C)cc2)CC1)Cc1ccc(-c2ccccc2OC)cc1,6.78
Cn1c2c(c3ccc(-n4ccc(-c5ccc(C(F)(F)F)nc5)cc4=O)cc31)C1CCC(C2)N1,8.28
CCC(CO)(CO)NC(=O)N(CCC1CCN(Cc2ccc(C)cc2)CC1)Cc1ccc(-c2ccc(F)cc2)cc1,6.83
CN[C@@H]1CCN(C(=O)N2CC[C@H](N(C)C(=O)c3ccc(-c4ccc(C(F)(F)F)cc4)cc3)C2)C1,7.27
COc1ccccc1-c1ccc(CN(CCC2CCN(Cc3ccc(C)cc3)CC2)C(=O)NC(C)(C)CO)cc1,6.6
Cn1c2c(c3ccc(-n4ccc(OCc5ccc(Cl)cc5F)cc4=O)nc31)C1CCCN1CC2,8.0
Cc1ccc(CN2CCC(CCN(Cc3ccc(-c4ccc(F)cc4)cc3)C(=O)NC(C)C)CC2)cc1,6.5
CS(=O)(=O)N1CCC(CN(C(=O)Nc2ccc(F)c(Cl)c2)[C@@H]2CC[C@]3(c4cccc(CN)c4)CC3C2)CC1,8.0
CCN(C)[C@@H]1CCN(C(=O)N2CC[C@H](N(C)C(=O)c3ccc(-c4ccc(C(F)(F)F)cc4)cc3)C2)C1,7.27
Cc1ccc(S(=O)(=O)CN(Cc2ccccc2)CS(=O)(=O)c2ccc(C)cc2)cc1,5.12
Cn1c2c(c3ccc(-n4ccc(OCc5ncc(F)cc5F)cc4=O)nc31)CN1CCCC1C2,6.92
COc1cc(-n2cnn3cc(-c4ccc(Cl)cn4)cc3c2=O)ccc1OCC1(O)CC(F)(F)C1,8.19
CCN(CC)CCOc1ccc(NC(=O)c2ccc(-c3ccccc3)cc2)cc1C(C)O,6.6
COc1ccc(-c2ccc(C(=O)N(C)[C@H]3CCN(C(=O)N(C)[C@@H]4CCN(C)C4)C3)s2)c(C)c1,8.52
COc1cccc(-c2ccc(C(=O)N(C)[C@H]3CCN(C(=O)N(C)[C@@H]4CCN(C)C4)C3)s2)c1,6.05
COC[C@H]1OC(OCc2ccc3ccccc3c2)[C@H](NC(=O)CCCN=C(N)N)[C@@H](OCc2ccc3ccccc3c2)[C@@H]1O,5.29
COc1cc(-n2cnc3cc(-c4ccccc4)ccc3c2=O)ccc1OCCN1CCCC1,7.7
COC[C@H]1OC(OCc2ccc(Cl)cc2)[C@H](NC(=O)CCCN=C(N)N)[C@@H](OCc2ccc3ccccc3c2)[C@@H]1O,5.58
N#Cc1cccc([C@]23CC[C@@H](N(CCNCCF)C(=O)Nc4cc(Cl)nc(Cl)c4)CC2C3)c1,8.36
CN1CC[C@@H](N(C)C(=O)N2CC[C@H](N(C)C(=O)c3ccc(-c4ccc(OC(F)(F)F)cc4)s3)C2)C1,8.4
Cc1ccc(NC(=O)N(CCN2CC[C@@H](O)C2)[C@@H]2CC[C@]3(c4cccc(C#N)c4)CC3C2)cc1F,7.32
COc1cc(-n2nnc3cc(Oc4ccccc4)ccc3c2=O)ccc1OCCN1CCCC1,7.1
COc1ccc(/C=C2/SC(=S)N(CCCC(=O)OCCN(C)C)C2=O)cc1,5.09
CC(=O)N1CCC(N(C)[C@@H]2CCN(C(=O)N3CC[C@H](N(C)C(=O)c4ccc(-c5ccc(C(F)(F)F)cc5)cc4)C3)C2)CC1,7.48
COc1cc(N2C(=O)c3ccc(-c4ccccc4)cc3C2=O)ccc1OCCN(C(C)C)C(C)C,6.9
Cn1c2c(c3ccc(-n4ccc(-c5ccc(C(F)(F)F)nc5)nc4=O)cc31)CCNCC2,6.79
O=C(Nc1ccc(F)c(Cl)c1)N(CCN1CCCC1)C1CC=C(c2ccco2)CC1,6.93
Cc1cc(C)cc(NC(=O)N(CCN2CC[C@@H](O)C2)[C@@H]2CC[C@]3(c4cccc(C#N)c4)CC3C2)c1,6.27
CC(C)N(CCOc1ccc(NC(=O)c2ccc(-c3ccccc3)cc2)cc1F)C(C)C,6.4
COc1cc(NC(=O)c2ccc(-c3ccccc3)cc2)ccc1OCCN1CCCC1,7.5
CN(C(=O)c1ccc(-c2ccc(OC(F)(F)F)cc2)cc1)[C@H]1CCN(C(=O)N2CC[C@H](NCCCc3ccccc3)C2)C1,8.15
CCN(CCC(C)(C)c1ccc(Cl)cc1)[C@@H]1CCN(C(=O)N2CC[C@H](N(C)C(=O)c3ccc(-c4ccc(C(F)(F)F)cc4)cc3)C2)C1,7.57
CN(C(=O)c1ccc(-c2cncnc2)cc1)[C@H]1CCN(C(=O)N2CC[C@H](NCCCc3ccccc3)C2)C1,5.32
COc1cc(-n2cnc3ccc(-c4ccc(Cl)cc4)cc3c2=O)ccc1OCCN1CCCC1,6.0
CCOc1ccc(-c2ccc(C(=O)N(C)[C@H]3CCN(C(=O)N(C)[C@@H]4CCN(C)C4)C3)s2)c(Cl)c1,8.7
CCC(COC(C)=O)(COC(C)=O)NC(=O)N(CCC1CCN(Cc2ccc(C)cc2)CC1)Cc1ccc(-c2ccccc2)cc1,6.41
COc1cc(N(C)C(=O)c2ccc(-c3ccccc3)cc2)ccc1OCCN(C(C)C)C(C)C,7.8
N#Cc1cccc([C@]23CC[C@@H](N(CCN4CC[C@@H](O)C4)C(=O)Nc4cccc(Br)c4)CC2C3)c1,7.47
COc1cc(NC(=O)c2cccc(-c3ccccc3)c2)ccc1OCCN(C(C)C)C(C)C,5.3
COc1cc(-n2cnn3cc(-c4ccc(Cl)cc4)cc3c2=O)ccc1OCC1(O)CC(F)(F)C1,8.47
COc1cc(-n2cnn3cc(-c4ncc(Cl)cn4)cc3c2=O)ccc1OCC(O)C1CC1,7.77
CN1CCN(CCCN(C(=O)Nc2ccc(F)c(Cl)c2)C2CCc3ccc(S(=O)(=O)N(C)C)cc3C2)CC1,5.52
CC(C)C(=O)Nc1ccc2c(c1)CC(N(CCCN1CCN(C)CC1)C(=O)Nc1ccc(F)c(Cl)c1)CC2,7.21
CCCCN1C(=O)N(Cc2ccccc2F)C2(CCN(Cc3ccc(-n4ccnc4)cc3)CC2)C1=O,6.7
CN(C(=O)c1ccc(-c2ccc(C(F)(F)F)cc2)cc1)[C@H]1CCN(C(=O)N2CC[C@@H](NCc3ccccn3)C2)C1,6.75
Cc1ccc(CN2CCC(NC(=O)NCc3ccc(-c4ccccc4)cc3)CC2)cc1,5.58
CS(=O)(=O)N1CCC[C@H]1CN(C(=O)Nc1ccc(F)c(Cl)c1)[C@@H]1CC[C@]2(c3cccc(C#N)c3)CC2C1,6.25
CN(C(=O)c1ccc(-c2ccc(F)cc2)cc1)[C@H]1CCN(C(=O)N2CC[C@H](NCCCc3ccccc3)C2)C1,7.73
COc1ccc(-c2ccc(C(=O)N(C)[C@H]3CCN(C(=O)N4CC[C@H](NCCCc5ccccc5)C4)C3)cc2)cn1,7.36
CN(C(=O)N1CCC(N2Cc3cc(-c4ccc(C(F)(F)F)cc4)ccc3C2=O)C1)C1CCN(CCCc2ccccc2)C1,5.99
CN1CC[C@@H](N(C)C(=O)N2CC[C@H](N(C)C(=O)c3ccc(-c4cccc(C(F)(F)F)c4)s3)C2)C1,5.75
CS(=O)(=O)N1CCC(CN(C(=O)Nc2cc(Cl)nc(Cl)c2)[C@@H]2CC[C@]3(c4cccc(CN5CC[C@H](O)C5)c4)CC3C2)CC1,8.05
COC(=O)c1ccc(-c2ccc(C(=O)N(C)[C@H]3CCN(C(=O)N4CC[C@H](NCCCc5ccccc5)C4)C3)cc2)cc1,7.13
CN(C(=O)CCCC(=O)c1ccc(Cl)cc1)C1CCN(C(=O)N(C)C2CCN(CCCc3ccccc3)C2)C1,7.32
COc1cc(-n2cnc3cc(-c4ccccc4)sc3c2=O)ccc1OCCN1CCCC1,7.7
CC(C)N(CCN(C(=O)Nc1cccc(F)c1)[C@@H]1CC[C@]2(c3cccc(C#N)c3)CC2C1)C(C)C,8.68
CN(C(=O)c1ccc(-c2ccc(C(F)(F)F)cc2)cc1)C1CCN(C(=O)N(C)C2CCNC2)C1,7.19
COC[C@H]1OC(OCc2ccc3ccccc3c2)[C@H](NC(=O)CN=C(N)N)[C@@H](OCc2ccc(Cl)cc2)[C@@H]1O,5.18
Cc1ccc(COc2ccn(-c3ccc4c5c(n(C)c4c3)CC3CCCN3C5)c(=O)c2)cn1,7.66
Cn1c2c(c3ccc(-n4ccc(OCc5ccccc5)cc4=O)cc31)C1CCC(C2)N1,7.98
COc1cc(NC(=O)c2ccc(C3CCCCC3)cc2)ccc1OCCN(C(C)C)C(C)C,7.6
CN(C(=O)Nc1ccc(-c2ccccc2)cc1)C1CCN(C(=O)N(C)C2CCN(CCCc3ccc(Cl)cc3)C2)C1,7.66
CC(C)N1CCn2c(nc3cc(-n4ccc(OCc5ccccc5)cc4=O)ccc32)C1,7.03
COc1ccc(-c2ccc(C(=O)N(C)[C@H]3CCN(C(=O)N(C)[C@@H]4CCN(C)C4)C3)s2)cc1,8.4
CNS(=O)(=O)c1ccc2c(c1)CC(N(CCCN1CCN(C)CC1)C(=O)Nc1ccc(F)c(Cl)c1)CC2,5.52
COc1cc(-n2cnn3cc(-c4ccc(Cl)cc4)cc3c2=O)ccc1N1CC[C@@H](O)C1,8.32
CC(C)N1C2CCC1c1c(n(C)c3cc(-n4ccc(OCc5ccccc5)cc4=O)ccc13)C2,7.92
CN(C(=O)c1ccc(-c2ccc(C(F)(F)F)cc2)cc1)[C@H]1CCN(C(=O)N2CC[C@@H](NCCOc3ccc(F)cc3)C2)C1,7.72
COc1cc(-n2cnn3cc(-c4ccc(Cl)cc4)cc3c2=O)ccc1OCCN1CCCC1,9.3
CC(C)N(CCO)CCN(C(=O)Nc1ccc(F)c(Cl)c1)[C@@H]1CC[C@]2(c3cccc(C#N)c3)CC2C1,8.06
CCN(CC)CCCn1c(-c2ccc(Br)cc2)cn2c3ccccc3nc12,4.92
COc1cccc(N2C(=O)N(Cc3ccccc3F)C3(CCN(Cc4ccc(-c5cncnc5)cc4)CC3)C2=O)c1,6.48
COc1cccc(N2C(=O)N(Cc3ccccc3F)C3(CCN(Cc4ccc(-c5cccnc5)cc4)CC3)C2=O)c1,7.05
COc1cc(NC(=O)c2ccc(Cc3ccccc3)cc2)ccc1OCCN(C(C)C)C(C)C,7.4
Cc1ccc(CN2CCC(CCN(Cc3ccc(-c4ccc(F)cc4)cc3)C(=O)NC(C)(C)CO)CC2)cc1,7.01
O=C(Nc1ccc(OCCN2CCCC2)cc1)c1ccc2c(c1)Cc1ccccc1-2,6.3
Cc1cc(Cl)ccc1-c1ccc(C(=O)N(C)[C@H]2CCN(C(=O)N(C)[C@@H]3CCN(C)C3)C2)s1,8.52
CCCCCCN(CS(=O)(=O)c1ccc(C)cc1)CS(=O)(=O)c1ccc(C)cc1,5.77
CC(C)N(CCN(C(=O)Nc1ccc(F)c(F)c1)[C@@H]1CC[C@]2(c3cccc(C#N)c3)CC2C1)C(C)C,8.55
COc1cccc(N2C(=O)N(Cc3ccccc3F)C3(CCN(Cc4ccc(-c5cnccc5Cl)cc4)CC3)C2=O)c1,6.64
CN(C(=O)c1ccc(-c2ccc(C#N)cc2)cc1)[C@H]1CCN(C(=O)N2CC[C@H](NCCCc3ccccc3)C2)C1,7.31
O=C(Nc1ccc(F)c(Cl)c1)N(CCN1CCCC1)C1CC=C(c2cncnc2)CC1,6.83
Cc1ccc(COc2ccn(-c3ccc4c5c(n(C)c4c3)CCCNC5)c(=O)c2)cn1,7.97
COc1cc(-n2cnn3cc(-c4ncc(Cl)cn4)cc3c2=O)ccc1OCC1(O)CC(F)(F)C1,8.05
CCN(CC)CCOc1ccc(N(CC)C(=O)c2ccc(-c3ccccc3)cc2)cc1OC,6.6
COc1cccc(N2C(=O)N(Cc3ccccc3F)C3(CCN(Cc4ccc(-c5cccc(C(C)=O)c5)cc4)CC3)C2=O)c1,7.04
Cc1ccc(CN2CCC(CCN(Cc3ccc(-c4cccc(C#N)c4)cc3)C(=O)NC(C)C)CC2)cc1,6.29
CN(C(=O)c1ccc(-c2ccc(C(F)(F)F)cc2)cc1)C1CCN(C(=O)N(C)C2CCN(CCO)C2)C1,7.02
CC(C)N(CCN(C(=O)Nc1cc(F)cc(F)c1)[C@@H]1CC[C@]2(c3cccc(C#N)c3)CC2C1)C(C)C,8.35
Cn1c2c(c3ccc(-n4ccc(-c5ccc(C(F)(F)F)nn5)cc4=O)cc31)CN1CCC2CC1,7.64
COc1cc(-n2nnc3cc(-c4ccccc4)ccc3c2=O)ccc1OCCN1CCCC1,7.6
CN1CCC(CNS(=O)(=O)c2cc(Cl)cc(Cl)c2)(c2ccc(-c3cccc(C#N)c3)cc2)CC1,6.55
N#Cc1cccc([C@]23CC[C@@H](N(CCN4CC[C@@H](O)C4)C(=O)NC4CCCCC4)CC2C3)c1,5.66
NCc1cnc(C2=CCC(N(CCN3CCCC3)C(=O)Nc3ccc(F)c(Cl)c3)CC2)s1,7.77
O=c1cc(OCc2ccc(F)cc2F)ccn1-c1ccc2c3c([nH]c2c1)CCN1CCCC31,7.92
CN1CC[C@@H](N(C)C(=O)N2CC[C@H](N(C)C(=O)c3ccc(-c4ccc(N(C)C)cc4)s3)C2)C1,8.15
COc1cccc(N2C(=O)N(C)C3(CCN(Cc4ccc(-c5cccc(C#N)c5)cc4)CC3)C2=O)c1,6.75
Cn1c2c(c3ccc(-n4ccc(OCc5ccc(Cl)cc5F)cc4=O)nc31)C1CCC(C2)N1,7.85
CCc1ccc(-c2ccc(C(=O)N(C)[C@H]3CCN(C(=O)N(C)[C@@H]4CCN(C)C4)C3)s2)cc1,9.0
CC(C)N(CCN(C(=O)Nc1cc(Cl)nc(Cl)c1)[C@@H]1CC[C@]2(c3cccc(C#N)c3)CC2C1)C(C)C,8.62
O=c1c2cc(-c3ccc(Cl)cc3)cn2ncn1-c1ccc(N2CC(O)C2)nc1,7.82
COc1cc(N2C(=O)c3ccc(Sc4ccccc4)cc3C2=O)ccc1OCCN1CCCC1,7.5
COC[C@H]1OC(OCc2ccc3ccccc3c2)[C@H](NC(=O)CCCN=C(N)N)[C@@H](OCc2ccc(Cl)cc2)[C@@H]1O,5.75
CCS(=O)(=O)C[C@@H](O)COc1ccc(-n2cnn3cc(-c4ccc(Cl)cc4)cc3c2=O)cc1OC,8.62
COc1cccc(N2C(=O)N(Cc3ccccc3F)C3(CCN(Cc4ccc(-c5ccc(C#N)cc5)cc4)CC3)C2=O)c1,6.68
CN(C(=O)c1ccc(-c2ccc(C(F)(F)F)cc2)cc1)C1CCN(C(=O)N(C)C2CCN(CCCc3ccc(Cl)cc3)C2)C1,8.14
CN(C(=O)c1ccc(-c2ccc(C(F)(F)F)cc2)cc1)C1CCN(C(=O)N(C)C2CCN(CCS(=O)(=O)N3CCCC3)C2)C1,7.09
Cn1c2c(c3ccc(-n4ccc(OCc5ccc(F)cc5F)cc4=O)nc31)CN1CCC2CC1,7.82
Cn1c2c(c3ccc(-n4ccc(OCc5ccc(F)cc5F)cc4=O)nc31)C1CCCN1CC2,7.8
Cn1c2c(c3ccc(-n4ccc(OCc5ccccc5)cc4=O)cc31)C1CCCN1CC2,7.92
CN1CCN(CCCN(C(=O)Nc2ccc(F)c(Cl)c2)[C@@H]2CC[C@]3(c4cccc(S(C)(=O)=O)c4)C[C@H]23)CC1,6.14
CS(=O)(=O)N1CCC(CN(C(=O)Nc2cc(Cl)nc(Cl)c2)[C@@H]2CC[C@]3(c4cccc(CN)c4)CC3C2)CC1,8.62
CCN(CC)CCOc1ccc(N(C)C(=O)c2ccc(-c3ccc(C(F)(F)F)cc3)cc2)cc1OC,7.7
COc1cc(NC(=O)c2ccc(Oc3ccccc3)cc2)ccc1OCCN(C(C)C)C(C)C,6.7
COc1ccccc1-c1ccc(CN(CCC2CCN(Cc3ccc(C)cc3)CC2)C(=O)NC(C)(C)COC(C)=O)cc1,6.67
CCN(CC)CCOc1ccc(N(C)C(=O)c2ccc(-c3ccccc3)cc2)cc1OC,7.7
CC(=O)Nc1ccc(-c2ccc(C(=O)N(C)[C@H]3CCN(C(=O)N4CC[C@H](NCCCc5ccccc5)C4)C3)cc2)cc1,5.4
N#Cc1cccc([C@]23CC[C@@H](N(CCN4CC[C@@H](O)C4)C(=O)Nc4cccc([N+](=O)[O-])c4)CC2C3)c1,7.22
O=c1cc(-c2ccc(C(F)(F)F)nn2)ccn1-c1ccc2c3c([nH]c2c1)CCCNC3,7.54
CCC(COC(C)=O)(COC(C)=O)NC(=O)N(CCC1CCN(Cc2ccc(C)cc2)CC1)Cc1ccc(-c2cccc(C#N)c2)cc1,5.97
Cn1c2c(c3ccc(-n4ccc(-c5ccc(C(F)(F)F)nc5)cc4=O)nc31)C1CCCN1CC2,7.33
COc1cc(NC(=O)c2ccc(-c3ccccc3)cc2)ccc1OCCN(C(C)C)C(C)C,7.5
CN(C)Cc1ncc(C2=CCC(N(CCN3CCCC3)C(=O)Nc3ccc(F)c(Cl)c3)CC2)s1,6.19
Cn1c2c(c3ccc(-n4ccc(-c5ccc(C(F)(F)F)cn5)cc4=O)nc31)CCNCC2,7.16
O=C1N(c2cccc3ccccc23)C(=O)C2(CCN(Cc3ccc(-n4ccnc4)cc3)CC2)N1Cc1ccccc1F,7.6
O=C(Nc1ccc(F)c(Cl)c1)N(CCN1CCCC1)C1CC=C(c2ccc[nH]2)CC1,5.71
Cn1c2c(c3ccc(-n4ccc(OCc5ccccc5)cc4=O)nc31)C1CCC(C2)N1,7.68
Cc1ccc(CN2CCC(CCN(Cc3ccc(-c4ccccc4)cc3)C(=O)NC(C)(C)CO)CC2)cc1,6.84
CC(C)N(CCOc1ccc(N(C)C(=O)c2ccc3c(c2)CCc2ccccc2-3)cc1)C(C)C,6.5
CN1CC[C@@H](N(C)C(=O)N2CC[C@H](N(C)C(=O)c3ccc(-c4cccc(Cl)c4)s3)C2)C1,6.5
CN(C(=O)c1ccc(Oc2ccc(F)cc2)cc1)C1CCN(C(=O)N(C)C2CCN(CCCc3ccc(Cl)cc3)C2)C1,8.28
CCS(=O)(=O)C[C@@H](O)COc1ccc(-n2cnn3cc(-c4ncc(Cl)cn4)cc3c2=O)cc1OC,7.55
COc1cccc(N2C(=O)N(Cc3ccccc3F)C3(CCN(Cc4ccc(-c5cnccc5OC)cc4)CC3)C2=O)c1,8.1
CC(C)N(CCF)CCN(C(=O)Nc1cc(Cl)nc(Cl)c1)[C@@H]1CC[C@]2(c3cccc(C#N)c3)CC2C1,8.0
Cn1c2c(c3ccc(-n4ccc(OCc5ccc(F)cn5)cc4=O)nc31)CN1CCCC1C2,7.43
CN1CC[C@@H](N(C)C(=O)N2CC[C@H](N(C)C(=O)c3ccc(-c4ccc(F)cc4)s3)C2)C1,7.43
COc1cccc(N2C(=O)N(Cc3ccccc3F)C3(CCN(Cc4ccc(-c5cccc(O)c5)cc4)CC3)C2=O)c1,5.54
CSc1ccc(-c2ccc(C(=O)N(C)[C@H]3CCN(C(=O)N4CC[C@H](NCCCc5ccccc5)C4)C3)cc2)cc1,8.42
Cc1ccccc1-c1ccc(C(=O)N(C)[C@H]2CCN(C(=O)N(C)[C@@H]3CCN(C)C3)C2)s1,7.72
CN(C(=O)c1ccc(-c2ccc(C(F)(F)F)cc2)cc1)[C@H]1CCN(C(=O)N2CC[C@@H](N(C)CC3CC3)C2)C1,7.55
CN(C(=O)c1ccc(-c2ccc(C(F)(F)F)cc2)cc1)C1CCN(C(=O)N(C)C2CCN(CCOc3ccc(Cl)cc3)C2)C1,7.75
COc1ccc(-c2ccc(C(=O)N(C)[C@H]3CCN(C(=O)N(C)[C@@H]4CCN(C)C4)C3)cc2)cc1,8.3
COc1cccc(N2C(=O)N(c3ccccc3)C3(CCN(Cc4ccc(-c5cccc(C#N)c5)cc4)CC3)C2=O)c1,8.22
COc1cc(-n2cnn3cc(-c4ccc(Cl)cn4)cc3c2=O)ccc1N1CC[C@@H](O)C1,8.04
O=c1cc(OCc2ccc(F)cn2)ccn1-c1ccc2c3c([nH]c2c1)CC1CCC3N1,7.6
Cc1ccc(-c2ccn(-c3ccc4c5c(n(C)c4c3)CC3CCC5N3)c(=O)c2)cn1,7.23
Cn1c2c(c3ccc(-n4ccc(-c5ccc(C(F)(F)F)nn5)cc4=O)cc31)CCNCC2,7.84
CC(=O)N1CCc2c(c3ccc(-n4ccc(OCc5ccccc5)cc4=O)nc3n2C)C1,7.15
Cn1c2c(c3ccc(-n4ccc(OCc5ccc(F)cn5)cc4=O)cc31)C(=O)NCCC2,6.83
O=c1cc(-c2ccc(C(F)(F)F)nn2)ccn1-c1ccc2c3c([nH]c2c1)CCNCC3,6.83
CCC(CO)(CO)NC(=O)N(CCC1CCN(Cc2ccc(C)cc2)CC1)Cc1ccc(-c2ccccc2)cc1,6.76
CN(C(=O)c1ccc(-c2ccc(C(F)(F)F)cc2)cc1)C1CCN(C(=O)N(C)C2CCN(C3CCOCC3)C2)C1,7.12
COc1cc(NC(=O)c2cccc(Oc3ccccc3)c2)ccc1OCCN(C(C)C)C(C)C,7.1
COc1cc(N2Cc3ccc(-c4ccccc4)cc3C2=O)ccc1OCCN(C(C)C)C(C)C,6.4
Cn1c2c(c3ccc(-n4ccc(OCc5ccc(F)cn5)cc4=O)cc31)C1CCCN1CC2,7.96
Cn1c2c(c3ccc(-n4ccc(-c5ccc(C(F)(F)F)cn5)cc4=O)cc31)C1CCC(C2)N1,7.85
Cc1ccc(-c2ccc(C(=O)N(C)[C@H]3CCN(C(=O)N(C)[C@@H]4CCN(C)C4)C3)s2)c(C)c1,8.52
