SMILES,Y
CC[C@H]1COC[C@@H](C[N+](C)(C)C)O1,4.6
C[N+](C)(C)C[C@@H]1COC[C@@H](c2ccccc2)O1,4.53
OC(CCCN1CCN(CCCC(O)(c2ccccc2)c2ccccc2)CC1)(c1ccccc1)c1ccccc1,4.65
c1coc([C@H]2CCCN2)c1,4.05
O=C1CCc2ccccc2N1CCCN1CCN(Cc2ccccc2)CC1,5.58
CN1CCC[C@@H]1c1ccco1,4.1
C[N+]1(CCCC(O)(c2ccccc2)c2ccccc2)CCN(CCCC(O)(c2ccccc2)c2ccccc2)CC1,5.91
C[N+]1(C)CCN(CCCC(O)(c2ccccc2)c2ccccc2)CC1,5.32
C[N+](C)(C)CC#CCOC(=O)Nc1cccc(Cl)c1,5.04
C[N+](C)(C)CC#CCOC(=O)Nc1cccc(Cl)c1,5.04
COc1nc2sc(C(=O)NC3CC3)c(N)c2c(C)c1Cl,6.4
OC(CCCN1CCN(c2ccccc2)CC1)(c1ccccc1)c1ccccc1,4.0
CN1CCC(c2ccccc2)=C(C(=O)OCCc2ccc3c(c2)CCO3)C1,5.72
C[C@@H]1CO[C@H](C[N+](C)(C)C)CO1,4.03
Cc1ccc([C@H]2CCCN2)o1,4.53
Cc1ccc(C2CCCN2C)o1,4.61
Cc1ccc([C@H]2CCCN2C)o1,4.23
C[N+]1(CC#CCOc2cc(-c3ccccc3)on2)CCCC1,5.22
CCN1CCC(c2ccccc2)=C(C(=O)OCCc2ccc3c(c2)CCO3)C1,4.98
C[C@H]1COC[C@H](C[N+](C)(C)C)O1,4.34
C[N+](C)(C)CCOC(N)=O,5.2
OC(CCCN1CCNCC1)(c1ccccc1)c1ccccc1,5.93
C[N+](C)(C)C[C@@H]1COC[C@H](c2ccccc2)O1,4.91
O=C1CCc2ccccc2N1CCCN1CCC(Cc2ccccc2)CC1,6.14
C[C@@H]1O[C@H](C[N+](C)(C)C)COC1(C)C,4.24
CN1CCC[C@H]1c1ccco1,4.25
C[C@@H]1COC[C@H](C[N+](C)(C)C)O1,4.16
Cc1ccc(C[N+](C)(C)C)o1,5.2
CC(=O)OCC[N+](C)(C)C,5.07
C[N+](C)(CCCC(O)(c1ccccc1)c1ccccc1)CC[N+](C)(C)CCCC(O)(c1ccccc1)c1ccccc1,4.95
C[C@@H]1OC[C@@H](C[N+](C)(C)C)OC1(C)C,4.52
CCCCNC(=O)c1sc2nc(OC)c(Cl)c(C)c2c1N,5.5
CN1CCCC1c1ccco1,4.16
C[N+]1(C)CCCC1c1ccco1,5.19
Cc1ccc([C@@H]2CCC[N+]2(C)C)o1,5.29
CC1(C)COC[C@@H](C[N+](C)(C)C)O1,4.35
CC1COCC(C[N+](C)(C)C)O1,4.06
CC(=O)OC(C)C[N+](C)(C)C,5.8
C[C@@H]1OC[C@@H](C[N+](C)(C)C)O[C@H]1C,4.51
c1coc(C2CCCN2)c1,4.06
Cc1ccc(C2CCCN2)o1,4.29
O=C1CCc2ccccc2N1CCCN1CCN(CCc2ccccc2)CC1,5.29
Cc1cc(OCC#CC[N+](C)(C)C)no1,6.17
CCOc1nc2sc(C(=O)NC3CC3)c(N)c2c(C)c1Cl,6.71
C[N+](C)(C)C[C@@H]1COC[C@H](C(c2ccccc2)c2ccccc2)O1,4.95
