SMILES,Y,Y_Pred,Iteration
NC(=O)[C@H](O)[C@@H](Cc1ccccc1)NC(=O)[C@H](Cc1c[nH]c2ccccc12)NC(=O)[C@@H]1CCCN1C(=O)[C@@H](N)Cc1ccc(O)cc1,5.39,,
C[C@@H]1[C@@H]2Cc3ccc(C(N)=O)cc3[C@]1(C)CCN2CC1CC1,7.17,,
C[C@H]1[C@H]2Cc3ccc(Nc4ccccc4)cc3[C@@]1(C)CCN2C[C@@H]1CCCO1,8.7,-8.818461e-09,1.0
O=C1c2ccc(O)cc2C23CCCCC2C1N(CC1CCCO1)CC3,9.74,0.00012782944,2.0
C[C@H]1[C@H]2Cc3ccc(O)cc3[C@@]1(C)CCN2C[C@@H]1CCCO1,10.14,-1.0400707,3.0
C[C@@H]1[C@@H]2Cc3ccc(O)cc3[C@@]1(C)CCN2C[C@H]1CCCO1,8.82,0.00017117684,4.0
C[C@@H]1[C@@H]2Cc3ccc(C(N)=O)cc3[C@@]1(C)CCN2C[C@H]1CCCO1,8.55,-0.7789511,5.0
CCN1CCC2(c3cccc(O)c3)CCCC[C@H]2C1,6.28,-0.7797834,6.0
C[C@H]1[C@H]2Cc3ccc(N)cc3[C@@]1(C)CCN2C[C@@H]1CCCO1,8.11,-0.7772258,7.0
CNc1ccc2c(c1)[C@@]1(C)CCN(CC3CC3)C(C2)[C@@H]1C,8.07,-0.78599775,8.0
C[C@@H]1[C@@H]2Cc3ccc(C(N)=O)cc3[C@@]1(C)CCN2C[C@@H]1CCCO1,10.05,-0.93105924,9.0
Cc1ncc2c(n1)[C@@H]1Oc3c(O)ccc4c3[C@@]13CCN(CC1CC1)[C@H](C4)[C@]3(O)C2,7.6,-0.16225448,10.0
CCCO[C@@]12Cc3c(n(CCC)c4ccccc34)[C@@H]3Oc4c(O)ccc5c4[C@@]31CCN(CC1CC1)[C@@H]2C5,8.51,-0.76300144,11.0
Oc1ccc2c3c1OC1c4nccc(-c5ccccc5)c4C[C@@]4(O)[C@@H](C2)N(CC2CC2)CC[C@]314,6.58,-1.704169,12.0
C[C@H]1C2Cc3ccc(Nc4ccc(Cl)c(Cl)c4)cc3[C@@]1(C)CCN2CC1CC1,8.24,-1.0998147,13.0
N=C(N)Nc1ccc2[nH]c3c(c2c1)C[C@@]1(O)[C@H]2Cc4ccc(O)c5c4[C@@]1(CCN2CC1CC1)[C@H]3O5,9.74,-0.8927417,14.0
C=CCO[C@@]12Cc3c(n(CC=C)c4ccccc34)[C@@H]3Oc4c(O)ccc5c4[C@@]31CCN(CC=C)[C@@H]2C5,6.12,-0.55573094,15.0
Oc1ccc2c3c1OC1c4[nH]c5ccc(/C=C/c6ccccn6)cc5c4C[C@@]4(O)[C@@H](C2)N(CC2CC2)CC[C@]314,7.7,-1.1581892,16.0
Oc1ccc2c(c1)[C@@]13CCCC[C@H]1[C@@H](C2)N(CC1CC1)CC3,10.28,-1.6137836,17.0
Oc1ccc2c(c1)[C@@]13CCCC[C@H]1[C@@H](C2)N(CC1CCC1)CC3,10.14,0.0018293506,18.0
O=C1c2ccc(O)cc2C23CCCCC2C1N(CC1CC1)CC3,7.62,-0.6838786,19.0
C[C@@H]1[C@@H]2Cc3ccc(O)cc3[C@@]1(C)CN2CC1CC1,7.12,-1.7713144,20.0
CN1CC[C@]23CCCC[C@H]2[C@H]1Cc1ccc(O)cc13,8.64,-1.0224141,21.0
N=C(N)NCCC[C@@H](NC(=O)c1cccc2c3c([nH]c12)[C@@H]1Oc2c(O)ccc4c2C12CCN(CC1CC1)C(C4)[C@]2(O)C3)C(=O)O,6.73,-2.3493052,22.0
CC1CN(CCc2ccccc2)C2C[C@H](NC(=O)CCCN=C(N)N)CC1(c1cccc(O)c1)C2,7.88,-2.2454424,23.0
CN1CCC23c4c5ccc(O)c4O[C@H]2c2ncc(-c4ccc(Cl)cc4Cl)cc2C[C@H]3C1C5,6.39,-2.169155,24.0
COc1ccc(CNc2ccc3c(c2)[C@@]2(C)CCN(CC4CC4)C(C3)[C@@H]2C)cc1,7.15,-2.2638052,25.0
Oc1ccc2c3c1OC1c4[nH]c5ccc(OCc6ccccc6)cc5c4C[C@@]4(O)[C@@H](C2)N(CC2CC2)CC[C@]314,7.07,-2.1629841,26.0
CO[C@@]12CCC(=O)CC13CCN(CC1CC1)C2Cc1cccc(OC/C=C/c2ccccc2)c13,6.44,-2.3343883,27.0
Oc1ccc2c3c1O[C@H]1c4ncc(-c5ccc(Cl)cc5)cc4C[C@@]4(O)[C@@H](C2)N(CC2CC2)CC[C@]314,7.7,-2.6460898,28.0
O=C(Cc1ccc(Cl)c(Cl)c1)N1CCN(Cc2cccnc2)C2CCCC(N3CCCC3)C21,9.89,-2.566807,29.0
C=C(C)CN1CC[C@]23c4c5ccc(O)c4O[C@@H]2c2[nH]c4ccccc4c2C(C)[C@H]3[C@H]1C5,6.07,-1.3924797,30.0
CCC(=O)N1C2CC[C@@H]3[C@H]1CCC2N3C/C=C/c1cccc(Cl)c1,5.92,-2.0709698,31.0
Oc1ccc2c3c1O[C@H]1c4ncc(-c5ccc(Cl)cc5)cc4C[C@@]4(O)C(C2)N(CC2CC2)CCC314,7.7,-2.5471706,32.0
COc1ccccc1Nc1ccc2c(c1)[C@@]1(C)CCN(CC3CC3)C(C2)[C@@H]1C,8.66,-2.3638628,33.0
C[C@H]1C2Cc3ccc(C(=O)O)cc3[C@@]1(C)CCN2CC1CC1,7.51,-2.183343,34.0
C[C@H]1C2Cc3ccc(C(=O)Nc4ccccc4)cc3[C@@]1(C)CCN2CC1CC1,6.34,-2.0380228,35.0
CN(C(=O)Cc1ccc(Cl)c(Cl)c1)[C@H]1CC(=O)CC[C@@H]1N1CCCC1,7.11,-2.044196,36.0
C[C@H]1C2Cc3ccc(NCCc4ccccc4)cc3[C@@]1(C)CCN2CC1CC1,7.96,-2.1294897,37.0
C[C@H]1C2Cc3ccc(Nc4ccccn4)cc3[C@@]1(C)CCN2CC1CC1,8.04,-2.3039076,38.0
C[C@H]1C2Cc3ccc(Nc4ccc(C(C)(C)C)cc4)cc3[C@@]1(C)CCN2CC1CC1,7.85,-2.3053484,39.0
C[C@H]1[C@H]2Cc3ccc(Nc4ccccc4)cc3[C@@]1(C)CCN2CC1CC1,7.57,-2.3567784,40.0
C=C1C[C@@]2(CC[C@H](N3CCCC3)[C@@H](N(C)C(=O)Cc3ccc(Cl)c(Cl)c3)C2)OC1=O,5.96,-1.9452231,41.0
C[C@H]1C2Cc3ccc(Nc4cccnc4)cc3[C@@]1(C)CCN2CC1CC1,9.3,-2.373599,42.0
C[C@H]1C2Cc3ccc(Nc4ccc(Cl)cc4)cc3[C@@]1(C)CCN2CC1CC1,8.6,-2.2095199,43.0
Oc1ccc2c3c1O[C@H]1c4ncccc4C[C@@]4(O)[C@@H](C2)N(CC2CC2)CC[C@]314,8.06,-1.5001373,44.0
C[C@H]1C2Cc3ccc(NCc4ccc(Cl)cc4)cc3[C@@]1(C)CCN2CC1CC1,8.14,-2.0876074,45.0
C[C@H]1C2Cc3ccc(Nc4ccc(N(C)C)cc4)cc3[C@@]1(C)CCN2CC1CC1,8.06,-1.9869155,46.0
C[C@H]1C2Cc3ccc(Nc4ccc(C(F)(F)F)cc4)cc3[C@@]1(C)CCN2CC1CC1,7.96,-2.120177,47.0
CCNc1ccc2c(c1)[C@@]1(C)CCN(CC3CC3)C(C2)[C@@H]1C,8.48,-2.1749294,48.0
Cc1ccc(Nc2ccc3c(c2)[C@@]2(C)CCN(CC4CC4)C(C3)[C@@H]2C)cc1,9.24,-2.1811562,49.0
C[C@H]1C2Cc3ccc(Nc4ccncc4)cc3[C@@]1(C)CCN2CC1CC1,8.54,-2.165341,50.0
COc1ccc2c(c1O)[C@]13CCN(CC4CC4)C(C2)[C@]1(O)CC1c2ccccc2NC1C3,5.5,-2.1188798,51.0
COc1ccc(C)c(OC(CCN2CCC(n3c(=O)n(Cc4ncn[nH]4)c4ccccc43)CC2)C(C)C)c1,6.06,-2.0724728,52.0
C[C@H]1C2Cc3ccc(N4CCCC4)cc3[C@@]1(C)CCN2CC1CC1,6.39,-2.038685,53.0
Oc1ccc2c3c1O[C@H]1c4ncccc4C[C@@]4(O)C(C2)N(CC2CC2)CCC314,8.06,-2.2673075,54.0
COc1cccc(Nc2ccc3c(c2)[C@@]2(C)CCN(CC4CC4)C(C3)[C@@H]2C)c1,9.0,-2.33808,55.0
CCCO[C@@]12Cc3c([nH]c4ccccc34)[C@]3(C)Oc4c(O)ccc5c4[C@]13CCN(CC1CC1)[C@@H]2C5,6.3,-2.2845027,56.0
COc1ccc(Nc2ccc3c(c2)[C@@]2(C)CCN(CC4CC4)C(C3)[C@@H]2C)cc1,9.54,-2.0805175,57.0
CC(C)=CCN1CC[C@]2(C)c3cc(O)ccc3C[C@H]1[C@H]2C,7.12,-2.0796943,58.0
Oc1ccc2c3c1O[C@H]1c4ncncc4C[C@@]4(O)[C@@H](C2)N(CC2CC2)CC[C@]314,8.21,-2.312749,59.0
Oc1ccc2c3c1O[C@H]1c4ncncc4C[C@@]4(O)C(C2)N(CC2CC2)CCC314,8.2,-2.091729,60.0
NC(=O)N/N=C1/CC[C@@]2(O)C3Cc4ccc(O)c5c4C2(CCN3CC2CC2)[C@H]1O5,8.59,-2.8428855,61.0
C[C@H]1C2C(=O)c3ccc(N)cc3[C@@]1(C)CCN2CC1CC1,9.1,-2.2926946,62.0
CC[C@@]12CCN(CC3CC3)C(C(=O)c3ccc(N)cc31)[C@@H]2C,9.47,-2.012637,63.0
CC[C@H](C)[C@H](NC(=O)[C@H](CCCCN)NC(=O)[C@H](CCCN=C(N)N)NC(=O)[C@H](CC(C)C)NC(=O)[C@H](Cc1ccccc1)NC(=O)CNC(=O)CNC(=O)[C@@H](N)Cc1ccc(O)cc1)C(=O)N[C@@H](CCCN=C(N)N)C(=O)N1CCC[C@H]1C(=O)N[C@@H](CCCCN)C(=O)N[C@@H](CC(C)C)C(=O)N[C@@H](CCCCN)C(N)=O,10.68,-1.6684095,64.0
CC[C@H](C)[C@H](NC(=O)[C@H](CCCN=C(N)N)NC(=O)[C@H](CCCCN)NC(=O)[C@H](CC(C)C)NC(=O)[C@H](Cc1ccccc1)NC(=O)CNC(=O)CNC(=O)[C@@H](N)Cc1ccc(O)cc1)C(=O)N[C@@H](CCCN=C(N)N)C(=O)N1CCC[C@H]1C(=O)N[C@@H](CCCCN)C(=O)N[C@@H](CC(C)C)C(=O)N[C@@H](CCCCN)C(N)=O,10.7,0.0042355866,65.0
CC[C@H](C)[C@H](NC(=O)[C@H](CCCN=C(N)N)NC(=O)[C@H](CCCN=C(N)N)NC(=O)[C@H](CC(C)C)NC(=O)[C@H](Cc1ccccc1)NC(=O)CNC(=O)CNC(=O)[C@@H](N)Cc1ccc(O)cc1)C(=O)N[C@@H](CCCN=C(N)N)C(=O)N1CCC[C@H]1C(=O)N[C@@H](CCCCN)C(=O)N[C@@H](CC(C)C)C(=O)N[C@@H](CCCCNC(C)=O)C(N)=O,9.82,-0.006067774,66.0
CC[C@H](C)[C@H](NC(=O)[C@H](CCCN=C(N)N)NC(=O)[C@H](CCCCNC(C)=O)NC(=O)[C@H](CC(C)C)NC(=O)[C@H](Cc1ccccc1)NC(=O)CNC(=O)CNC(=O)[C@@H](N)Cc1ccc(O)cc1)C(=O)N[C@@H](CCCN=C(N)N)C(=O)N1CCC[C@H]1C(=O)N[C@@H](CCCCN)C(=O)N[C@@H](CC(C)C)C(=O)N[C@@H](CCCCN)C(N)=O,10.62,-0.88593,67.0
CC[C@H](C)[C@H](NC(=O)[C@H](CCCN=C(N)N)NC(=O)[C@H](CCCN=C(N)N)NC(=O)[C@H](CC(C)C)NC(=O)[C@H](Cc1ccccc1)NC(=O)CNC(=O)CNC(=O)[C@@H](N)Cc1ccc(O)cc1)C(=O)N[C@@H](CCCN=C(N)N)C(=O)N1CCC[C@H]1C(=O)N[C@@H](CCCCNC(C)=O)C(=O)N[C@@H](CC(C)C)C(=O)N[C@@H](CCCCN)C(N)=O,10.28,-0.5103461,68.0
CC[C@@H](C)[C@H](NC(=O)[C@H](CCCNC(=N)N)NC(=O)[C@H](CCCNC(=N)N)NC(=O)[C@H](CC(C)C)NC(=O)[C@H](Cc1ccccc1)NC(=O)CNC(=O)CNC(=O)[C@@H](N)Cc1ccc(O)cc1)C(=O)OC,7.4,-1.4908783,69.0
C=CCN(CC=C)[C@@H](Cc1ccc(O)cc1)C(=O)NCC(=O)NCC(=O)N[C@@H](Cc1ccccc1)C(=O)N[C@@H](CC(C)C)C(=O)N[C@@H](CCCN=C(N)N)C(=O)N[C@@H](CCCN=C(N)N)C(=O)N[C@H](C(=O)N[C@@H](CCCN=C(N)N)C(=O)N1CCC[C@H]1C(=O)N[C@@H](CCCCN)C(=O)O)[C@@H](C)CC,8.44,-0.916894,70.0
CC[C@H](C)[C@H](NC(=O)[C@H](CCCN=C(N)N)NC(=O)[C@H](CCCN=C(N)N)NC(=O)[C@H](CC(C)C)NC(=O)[C@H](Cc1ccccc1)NC(=O)CNC(=O)CNC(=O)[C@H](Cc1ccc(O)cc1)N(CC1CC1)CC1CC1)C(=O)N[C@@H](CCCN=C(N)N)C(=O)N1CCC[C@H]1C(=O)N[C@@H](CCCCN)C(=O)O,7.35,-2.2015252,71.0
Cc1cc(O)cc(C)c1C[C@H](N)C(=O)N1CCc2ccccc2C1C(=O)N[C@@H](Cc1ccccc1)[C@@H](O)C(=O)N[C@@H](Cc1ccccc1)C(N)=O,7.17,-2.3283231,72.0
CN(C(=O)Cc1ccc(Cl)c(Cl)c1)[C@H]1CC2(CC[C@@H]1N1CCCC1)OCCO2,7.03,-2.573953,73.0
CN(C(=O)Cc1ccccc1)[C@H]1CC[C@@]2(CCCO2)C[C@@H]1N1CCCC1,9.01,-2.4622936,74.0
C[C@H]1C2C(=O)c3ccc(O)cc3[C@@]1(C)CCN2CC1CC1,9.0,-2.3330245,75.0
C[C@H]1C2Cc3cc4cc[nH]c4cc3[C@@]1(C)CCN2CC1CC1,8.15,-1.9714283,76.0
Oc1cccc(C23CCCC[C@H]2CN(CC2CC2)CC3)c1,8.6,-2.2764914,77.0
CN(C(=O)Cc1ccc(Cl)c(Cl)c1)[C@@H]1CCCC[C@H]1N1CCCC1,7.82,-2.3883004,78.0
CC(C)[C@@H](CN1CC[C@](C)(c2cccc(O)c2)[C@H](C)C1)NC(=O)[C@H]1Cc2ccc(O)cc2CN1,7.76,-2.255506,79.0
CCC12CCN(CC3CC3)C(C(=O)c3ccc(C(N)=O)cc31)C2C,9.15,-2.3909237,80.0
CC[C@@]12CCN(CC3CC3)C(C(=O)c3ccc(O)cc31)[C@@H]2C,7.14,-1.0945506,81.0
CC[C@@]12CCN(CC3CC3)C(C(=O)c3ccc(C(N)=O)cc31)[C@@H]2C,9.15,-1.5709867,82.0
CC1C2C(=O)c3ccc(C(N)=O)cc3C1(C)CCN2CC1CC1,8.74,-2.0456684,83.0
CCCN1CC[C@]23c4c5ccc(O)c4O[C@H]2c2c(c4ccccc4n2C)C[C@@]3(OC)[C@H]1C5,6.94,-2.3147638,84.0
C[C@H]1C2Cc3ccc(N)cc3[C@@]1(C)CCN2CC1CC1,8.92,-2.4299052,85.0
C[C@@H]1[C@@H]2Cc3ccc(N)cc3[C@]1(C)CCN2CC1CC1,6.3,-1.8299291,86.0
CC[C@H](C)[C@H](NC(=O)[C@H](CCCN=C(N)N)NC(=O)[C@H](CCCN=C(N)N)NC(=O)[C@H](CC(C)C)NC(=O)[C@H](Cc1ccccc1)NC(=O)N/N=C1/CC[C@@]2(O)[C@H]3Cc4ccc(O)c5c4[C@@]2(CCN3CC2CC2)[C@H]1O5)C(=O)OC,8.66,-2.7028012,87.0
CC[C@H](C)[C@H](NC(=O)[C@H](CCCN=C(N)N)NC(=O)[C@H](CCCN=C(N)N)NC(=O)[C@H](CC(C)C)NC(=O)[C@H](Cc1ccccc1)NC(=O)N/N=C1/CC[C@@]2(O)[C@H]3Cc4ccc(O)c5c4[C@@]2(CCN3C)[C@H]1O5)C(=O)OC,8.01,-2.0753155,88.0
CC(C)CC(NC(=O)C(Cc1ccccc1)NC(=O)N/N=C1/CC[C@@]2(O)C3Cc4ccc(O)c5c4C2(CCN3C)[C@H]1O5)C(=O)O,7.02,-2.79453,89.0
Oc1ccc2c3c1OC1c4[nH]c5cccc(OCc6ccccc6)c5c4C[C@@]4(O)[C@@H](C2)N(CC2CC2)CC[C@]314,6.96,-2.270059,90.0
CC(C)[C@@H](CN1CC[C@@](C)(c2cccc(O)c2)[C@@H](C)C1)NC(=O)[C@@H]1Cc2ccc(O)cc2CN1,8.01,-2.8462405,91.0
C=C(C)CN1CCC23c4c5ccc(OC)c4O[C@H]2c2n[nH]cc2C[C@@]3(O)C1C5,5.51,-2.667738,92.0
Oc1ccc2c3c1OC1c4[nH]c5cc(Oc6ccccc6)ccc5c4C[C@@]4(O)[C@@H](C2)N(CC2CC2)CC[C@]314,6.76,-2.6128306,93.0
CC[C@@H]1CN2CCc3c([nH]c4cccc(O)c34)[C@@H]2C[C@@H]1/C(=C\OC)C(=O)OC,5.53,-2.8745465,94.0
CC1CC2(O)C3Cc4ccc(O)c5c4C2(CCN3CC2CC2)[C@@H](O5)C1=O,8.15,-2.5029347,95.0
Oc1ccc2c3c1O[C@H]1c4nc(-c5ccccc5)ccc4C[C@@]4(O)[C@@H](C2)N(CC2CC2)CC[C@]314,7.74,-2.6995065,96.0
C[C@H]1C2Cc3ccc(N(C)Cc4ccccc4)cc3[C@@]1(C)CCN2CC1CC1,7.36,-2.8620448,97.0
Oc1ccc2c3c1O[C@H]1c4nc(-c5ccccc5)ccc4C[C@@]4(O)C(C2)N(CC2CC2)CCC314,7.74,-2.789848,98.0
CC(C)C(=O)Oc1ccc2c3c1O[C@H]1[C@@H](OS(=O)(=O)O)C=C[C@H]4[C@@H](C2)N(C)CC[C@]314,5.34,-2.790612,99.0
CC(C)[C@@H](CN1CC[C@@](C)(c2cccc(O)c2)[C@@H](C)C1)NC(=O)C1Cc2ccc(O)cc2CN1,9.49,-2.864994,100.0
CN(C(=O)Cc1ccc(Cl)c(Cl)c1)[C@H](CN1CCCC1)c1cccc(NC(=O)CNC(=O)CNC(=O)CNC(=O)C/N=C(S)/N=C2\C=CC(=C3c4ccc(O)cc4Oc4cc(O)ccc43)C(C(=O)O)=C2)c1,9.04,-2.281137,101.0
CC(C)[C@@H](CN1CC[C@@](C)(c2cccc(O)c2)[C@@H](C)C1)NC(=O)[C@H]1Cc2ccccc2CN1,8.68,-2.236789,102.0
CC(C)[C@@H](CN1CC[C@@](C)(c2cccc(O)c2)[C@@H](C)C1)NC(=O)[C@H]1Cc2ccc(O)cc2CN1C,10.28,-2.1079407,103.0
CC(C)[C@@H](CN1CC[C@@](C)(c2cccc(O)c2)[C@@H](C)C1)NC(=O)CCc1ccc(O)cc1,8.42,-1.1580615,104.0
CN(C(=O)Cc1ccc(Cl)c(Cl)c1)[C@H](CN1CCCC1)c1cccc(NC(=O)C/N=C(S)/N=C2\C=CC(=C3c4ccc(O)cc4Oc4cc(O)ccc43)C(C(=O)O)=C2)c1,9.51,-1.5148988,105.0
CC(=O)N1Cc2cc(O)ccc2C[C@@H]1C(=O)N[C@H](CN1CC[C@@](C)(c2cccc(O)c2)[C@@H](C)C1)C(C)C,6.84,-1.3105241,106.0
CC(C)[C@@H](CN1CC[C@@](C)(c2cccc(O)c2)[C@@H](C)C1)NC(=O)[C@@H](N)Cc1ccc(O)cc1,7.69,-1.913655,107.0
CN(C(=O)Cc1ccc(Cl)c(Cl)c1)[C@H](CN1CCCC1)c1cccc(N/C(S)=N/c2ccc(-c3c4ccc(=O)cc-4oc4cc(O)ccc34)c(C(=O)O)c2)c1,8.85,-2.3864825,108.0
CN(C(=O)Cc1ccc(Cl)c(Cl)c1)C(CN1CCCC1)c1cccc(N/C(S)=N/c2ccc(-c3c4ccc(=O)cc-4oc4cc(O)ccc34)c(C(=O)O)c2)c1,8.09,-1.7332296,109.0
CC(C)[C@@H](CN1CC[C@@](C)(c2cccc(O)c2)[C@@H](C)C1)NC(=O)[C@H]1Cc2ccc(O)cc2CN1C(=O)CN(C)C,7.81,-2.5097258,110.0
COC(=O)c1ccc2c(c1)[C@@]1(C)CCN(CC3CC3)C(C2)[C@@H]1C,8.7,-2.7272081,111.0
CC(=O)Nc1cccc([C@H](CN2CCCC2)N(C)C(=O)Cc2ccc(Cl)c(Cl)c2)c1,7.76,-1.886987,112.0
C[C@H]1CN(C[C@H]2C[C@@H]2c2ccccc2)CC[C@@]1(C)c1cccc(O)c1,6.41,-2.5665526,113.0
CC1CN(CCCc2ccccc2)C2CC(NC(=O)CCCN(C)C)CC1(c1cccc(O)c1)C2,7.92,-2.742189,114.0
CC(=O)Nc1cccc([C@@H](CN2CCCC2)N(C)C(=O)Cc2ccc(Cl)c(Cl)c2)c1,10.07,-2.8791587,115.0
FCCCN(CCc1ccc(Cl)c(Cl)c1)CCN1CCCC1,4.98,-2.290213,116.0
CN[C@H](Cc1ccc(O)cc1)C(=O)N[C@H]1CCCCNC(=O)C[C@@H](C(N)=O)NC(=O)[C@H](Cc2ccccc2)N(C)C(=O)CNC(=O)[C@H](Cc2ccccc2)N(C)C1=O,6.29,-2.8186033,117.0
C[C@H]1C2Cc3ccc(N(C)C)cc3[C@@]1(C)CCN2CC1CC1,7.48,-2.754353,118.0
CN(C(=O)Cc1ccc(Cl)c(Cl)c1)[C@@H](CN1CCCC1)c1cccc(N)c1,7.83,-2.6560335,119.0
COCC[C@H]1CC2CN3CCc4c([nH]c5ccccc45)[C@](C(=O)OC)(C2)[C@H]13,5.29,-2.7752833,120.0
CC1CN(CCCc2ccccc2)C2CC(N)CC1(c1cccc(O)c1)C2,6.91,-2.5885737,121.0
C[C@H]1C2Cc3ccc(C#N)cc3[C@@]1(C)CCN2CC1CC1,7.15,-3.0185237,122.0
C[C@H]1[C@H]2Cc3ccc(O)cc3[C@@]1(C)CCN2CC1CC1,9.74,-2.8682797,123.0
Oc1ccc2c3c1O[C@H]1c4nc(-c5ccccc5)ncc4C[C@@]4(O)C(C2)N(CC2CC2)CCC314,7.96,-2.8210573,124.0
CCCCOc1cccc2c1[C@]13CCN(CC4CC4)[C@H](C2)[C@]1(OC)CCC(=O)C3,6.58,-2.6117017,125.0
CCCCCN1CC[C@@]2(C)c3cc(O)ccc3CC1[C@H]2C,5.7,-2.2090354,126.0
C[C@H]1C2Cc3ccc(C(=O)N(C)C)cc3[C@@]1(C)CCN2CC1CC1,5.6,-2.6193368,127.0
Oc1ccc2c3c1O[C@H]1c4nc(-c5ccccc5)ncc4C[C@@]4(O)[C@@H](C2)N(CC2CC2)CC[C@]314,7.96,-2.7239065,128.0
Cc1cc(-c2ccccc2)c2c(n1)[C@@H]1Oc3c(O)ccc4c3C13CCN(CC1CC1)C(C4)[C@]3(O)C2,6.17,-3.0559494,129.0
CC1c2c([nH]c3ccccc23)[C@H]2Oc3c(O)ccc4c3[C@@]23CCN(CC2CC2)[C@H](C4)[C@H]13,7.44,-2.8018534,130.0
Oc1ccc2c3c1O[C@H]1c4ncc(-c5ccccc5)cc4C[C@@]4(O)C(C2)N(CC2CC2)CCC314,7.75,-2.9539664,131.0
Oc1ccc2c3c1O[C@H]1c4ncc(-c5ccccc5)cc4C[C@@]4(O)[C@@H](C2)N(CC2CC2)CC[C@]314,7.75,-2.931958,132.0
CSCC[C@H](NC(=O)[C@H](Cc1ccccc1)NC(=O)CNC(=O)CNC(=O)[C@@H](N)Cc1ccc(O)cc1)C(=O)O,5.35,-3.0421975,133.0
Oc1ccc2c3c1O[C@@H]1c4[nH]c5ccc(-c6ccccc6)cc5c4C[C@@]4(O)[C@@H](C2)N(CC2CC2)CC[C@]314,6.45,-3.1320705,134.0
C[C@H]1C2Cc3ccc(N=C(c4ccccc4)c4ccccc4)cc3[C@@]1(C)CCN2CC1CC1,6.77,-2.6639333,135.0
CC(C)[C@@H](CN1CC[C@@](C)(c2cccc(O)c2)[C@@H](C)C1)NC[C@H]1Cc2ccc(O)cc2CN1,9.2,-2.8032575,136.0
C[C@H]1CN(CC[C@H](O)C2CCCCC2)CC[C@@]1(C)c1cccc(O)c1,7.55,-2.9858124,137.0
C[C@H]1CN(C2CCCC(O)C2)CC[C@@]1(C)c1cccc(O)c1,5.94,-3.1465936,138.0
CC1CN(CCc2ccccc2)C2C[C@H](NC(=O)CCN3CCCCC3)CC1(c1cccc(O)c1)C2,7.44,-2.2217686,139.0
CCCCCCOc1cccc2c1C13CCN(CC4CC4)C(C2)[C@]1(OC)CCC(=O)C3,6.36,-2.9768224,140.0
C=CCN1CC[C@]23c4c5ccc(O)c4O[C@H]2C(=O)CC[C@@]3(O)[C@H]1C5,8.51,-2.8334668,141.0
C=C(N)NCCCC(=O)NC1CC2CC(c3cccc(O)c3)(C1)C(C)CN2CCCc1ccccc1,7.88,-3.1158247,142.0
Cc1ccccc1/C=C/CN1CC[C@@](C)(c2cccc(O)c2)[C@@H](C)C1,7.41,-2.9412243,143.0
CCCCC1c2c([nH]c3ccccc23)[C@H]2Oc3c(O)ccc4c3[C@@]23CCN(C)[C@H](C4)[C@H]13,6.14,-2.7030616,144.0
O=C1CC[C@@]2(OCCCc3ccccc3)C3Cc4cccc5c4C2(CCN3CC2CC2)C1O5,7.64,-2.7419024,145.0
C[C@H]1CN(C/C=C/c2ccccc2Cl)CC[C@@]1(C)c1cccc(O)c1,7.45,-2.3899083,146.0
C=CCN1CCC23c4c5ccc(O)c4O[C@@H]2/C(=N/NC(=O)c2ccccc2)CCC3(O)C1C5,9.4,-2.638856,147.0
NC(=O)[C@@H]1C/C=C\C[C@@H](NC(=O)[C@@H](N)Cc2ccc(O)cc2)C(=O)NCC(=O)N[C@@H](Cc2ccccc2)C(=O)N1,6.7,-2.7794023,148.0
CC1CN(CCc2ccccc2)C2C[C@H](NC(=O)CCN=C(N)N)CC1(c1cccc(O)c1)C2,7.63,-2.808671,149.0
O=C1CC[C@@]2(OCCCc3ccccc3)C3Cc4cccc(O)c4C2(CCN3CC2CC2)C1,8.23,-2.492746,150.0
C=CCN1CCC23c4c5ccc(O)c4O[C@H]2c2ncc(-c4ccc(Cl)cc4)cc2C[C@@]3(O)C1C5,7.12,-2.932413,151.0
CCO[C@@]12CCC(=O)[C@]3(C)Oc4c(O)ccc5c4[C@]13CCN(CCc1ccccc1)[C@@H]2C5,7.08,-2.853251,152.0
C[C@@H](NC(=O)[C@@H](N)Cc1ccc(O)cc1)C(=O)NCC(=O)N(C)[C@@H](Cc1ccccc1)C(=O)NCCO,5.74,-2.768564,153.0
C[C@H]1CN(C/C=C/c2ccccc2)CC[C@@]1(C)c1cccc(O)c1,6.91,-3.2998219,154.0
COc1cccc2c1[C@]13CCN(CC4CC4)[C@H](C2)[C@]1(OC)CCC(=O)C3,6.96,-3.2927496,155.0
CN1CC[C@]23c4c5ccc(O)c4O[C@H]2[C@@H](OS(=O)(=O)O)CC[C@H]3[C@H]1C5,5.5,-3.0886567,156.0
CCCCOc1cccc2c1C13CCN(CC4CC4)C(C2)[C@]1(OCCCc1ccccc1)CCC(=O)C3,6.82,-2.9782138,157.0
NC(=O)[C@H]1CSSC[C@H](NC(=O)[C@@H](N)Cc2ccc(O)cc2)C(=O)NCC(=O)N[C@@H](Cc2ccccc2)C(=O)N1,7.4,-3.102514,158.0
Cc1cc(O)cc(C)c1C[C@H](N)C(=O)N1CCc2ccccc2C1C(=O)N[C@@H](Cc1ccccc1)C(=O)N[C@@H](Cc1ccccc1)C(N)=O,7.29,-3.0968034,159.0
NC(=O)[C@@H]1CSSC[C@H](NC(=O)[C@@H](N)Cc2ccc(O)cc2)C(=O)NCC(=O)N[C@@H](Cc2ccccc2)C(=O)N1,7.35,-3.1303375,160.0
Oc1ccc2c3c1O[C@H]1c4nc(Cc5ccccc5)nc(-c5ccccc5)c4C[C@@]4(O)[C@@H](C2)N(CC2CC2)CC[C@]314,5.9,-3.2981257,161.0
CCO[C@@]12Cc3c([nH]c4ccccc34)[C@]3(C)Oc4c(O)ccc5c4C13CCN(CC1CC1)[C@@H]2C5,7.23,-3.0861428,162.0
O=C(Oc1ccc2[nH]c3c(c2c1)C[C@@]1(O)[C@H]2Cc4ccc(O)c5c4[C@@]1(CCN2CC1CC1)[C@@H]3O5)c1ccccc1,7.09,-3.1851163,163.0
C[C@H]1C2Cc3ccc(C(N)=O)cc3[C@@]1(C)CCN2CC1CC1,9.28,-3.3379548,164.0
C[C@H]1[C@H]2Cc3ccc(C(N)=O)cc3[C@@]1(C)CCN2CC1CC1,9.55,-2.4870117,165.0
CN1CC[C@]23c4c5ccc(O)c4O[C@H]2C(=O)CC[C@@]3(O)[C@H]1C5,6.14,-3.0110862,166.0
Cc1cc(O)cc(C)c1C[C@H](N)C(=O)N1CCc2ccccc2C1C(=O)N[C@H](CC(=O)N[C@@H](Cc1ccccc1)C(N)=O)Cc1ccccc1,6.95,-3.1203349,167.0
NC(=O)C(Cc1ccc2ccccc2c1)NC(=O)[C@H](O)[C@H](Cc1ccccc1)NC(=O)[C@@H]1CCCN1C(=O)[C@@H](N)Cc1ccc(O)cc1,5.86,-3.200991,168.0
C[C@H]1C2Cc3ccc(N4CCN(C)CC4)cc3[C@@]1(C)CCN2CC1CC1,8.06,-3.0783913,169.0
CN1CCC2(c3cccc(O)c3)CCCC[C@H]2C1,6.36,-3.506059,170.0
Oc1ccc2c3c1OC1c4[nH]c5cc(OCc6ccccc6)ccc5c4C[C@@]4(O)[C@@H](C2)N(CC2CC2)CC[C@]314,6.34,-3.3109026,171.0
COc1cccc2c1C13CCN(CC4CC4)C(C2)[C@]1(OCCCc1ccccc1)CCC(=O)C3,8.13,-2.5355847,172.0
CC(C)CN1CC[C@]23c4c5ccc(O)c4O[C@@H]2c2[nH]c4ccccc4c2C[C@@]3(O)[C@H]1C5,6.19,-3.3885956,173.0
O=C(O)CNC(=O)c1cccc2c3c([nH]c12)[C@@H]1Oc2c(O)ccc4c2C12CCN(CC1CC1)C(C4)[C@]2(O)C3,6.79,-3.2710185,174.0
CN(CCc1cc(Cl)c(Cl)cc1I)CCN1CCCC1,4.73,-3.183369,175.0
O[C@@]12Cc3c([nH]c4ccccc34)[C@H]3Oc4cccc5c4[C@@]31CCN(CC1CC1)[C@@H]2C5,4.96,-3.4601612,176.0
C=C(C)CN1CCC23c4c5ccc(O)c4O[C@H]2c2ncc(-c4ccc(Cl)cc4)cc2C[C@@]3(O)C1C5,6.52,-3.316109,177.0
C=CCN1CC[C@]23c4c5ccc(O)c4O[C@H]2c2oc4ccccc4c2C[C@@]3(OCC)[C@H]1C5,7.17,-3.5698678,178.0
C[C@H]1CN(C/C=C\c2ccccc2)CC[C@@]1(C)c1cccc(O)c1,6.53,-3.5664241,179.0
CC(C)CCN1CC[C@]23c4c5ccc(O)c4O[C@@H]2c2[nH]c4ccccc4c2C[C@@]3(O)[C@H]1C5,6.17,-3.2784956,180.0
Oc1ccc2c3c1OC1c4[nH]c5ccc(Oc6ccccc6)cc5c4C[C@@]4(O)[C@@H](C2)N(CC2CC2)CC[C@]314,7.12,-3.6094792,181.0
CNC(=O)c1ccc2c(c1)[C@@]1(C)CCN(CC3CC3)C(C2)[C@@H]1C,8.59,-3.1878724,182.0
NC(=O)[C@H]1CCCC[C@@H](NC(=O)[C@@H](N)Cc2ccc(O)cc2)C(=O)NCC(=O)N[C@@H](Cc2ccccc2)C(=O)N1,7.15,-3.4788687,183.0
Oc1ccc2c3c1O[C@@H]1c4[nH]c5ccc(Oc6ccccc6)cc5c4C[C@@]4(O)[C@@H](C2)N(CC2CC2)CC[C@]314,7.12,-3.4809215,184.0
CN1CC[C@]23c4c5ccc(O)c4O[C@H]2C(=O)CC[C@@]3(OCc2c(Cl)cccc2Cl)[C@H]1C5,7.48,-3.3275003,185.0
CO[C@@]12CCC(=O)CC13CCN(CC1CC1)C2Cc1cccc(OCCCc2ccccc2)c13,6.68,-3.5279567,186.0
Cc1cc(O)cc(C)c1C[C@H](N)C(=O)N1CCc2ccccc2C1C(=O)N[C@@H](Cc1ccccc1)C(=O)N[C@@H](Cc1ccccc1)[C@H](O)C(N)=O,7.09,-3.650194,187.0
O=C(Oc1cccc2[nH]c3c(c12)C[C@@]1(O)[C@H]2Cc4ccc(O)c5c4[C@@]1(CCN2CC1CC1)[C@@H]3O5)c1ccccc1,6.27,-3.2336497,188.0
CO[C@@]12Cc3c([nH]c4ccccc34)[C@@H]3Oc4c(O)ccc5c4[C@@]31CCN(CC1CCCCC1)[C@@H]2C5,5.49,-3.3829668,189.0
Cc1cc(O)cc(C)c1C[C@H](N)C(=O)N1CCc2ccccc2C1C(=O)N[C@@H](Cc1ccccc1)C(=O)N[C@@H](Cc1ccccc1)[C@@H](O)C(N)=O,7.09,-3.4465554,190.0
Cc1nc(-c2ccccc2)c2c(n1)C1Oc3c(O)ccc4c3[C@@]13CCN(CC1CC1)[C@H](C4)[C@]3(O)C2,6.25,-3.4260592,191.0
Oc1ccc2c3c1OC1c4[nH]c5cccc(-c6ccccc6)c5c4C[C@@]4(O)[C@@H](C2)N(CC2CC2)CC[C@]314,6.36,-3.674905,192.0
NC(=O)[C@H](Cc1ccccc1)NC(=O)[C@@H](O)[C@@H](Cc1ccccc1)NC(=O)[C@@H]1CCCN1C(=O)[C@@H](N)Cc1ccc(O)cc1,5.32,-3.6053336,193.0
CC1CN(CCCc2ccccc2)C2C[C@H](N)CC1(c1cccc(O)c1)C2,6.05,-3.5557384,194.0
Oc1ccc2c3c1OC1c4[nH]c5cc(-c6ccccc6)ccc5c4C[C@@]4(O)[C@@H](C2)N(CC2CC2)CC[C@]314,6.2,-3.0828385,195.0
C=CCN1CCC23c4c5ccc(O)c4O[C@@]2(C)c2[nH]c4ccccc4c2C[C@@]3(OCC)C1C5,6.12,-3.2961571,196.0
CO[C@@]12CCC(=O)CC13CCN(CC1CC1)C2Cc1cccc(OCc2ccccc2)c13,7.25,-3.5479484,197.0
O=C(O)C[C@@H](NC(=O)c1cccc2c3c([nH]c12)[C@@H]1Oc2c(O)ccc4c2C12CCN(CC1CC1)C(C4)[C@]2(O)C3)C(=O)O,6.05,-3.7253807,198.0
Cc1cc(O)cc(C)c1C[C@H](N)C(=O)N1CCc2ccccc2C1C(=O)N[C@@H](Cc1c[nH]c2ccccc12)C(=O)N[C@H](CC(N)=O)Cc1ccccc1,6.77,-3.092993,199.0
Cc1cc(O)cc(C)c1C[C@H](N)C(=O)N1CCc2ccccc2C1C(=O)N[C@@H](Cc1c[nH]c2ccccc12)C(=O)N[C@@H](Cc1ccccc1)C(N)=O,6.54,-3.477145,200.0
