SMILES,Y,Iteration
C[C@H]1CC[C@H]([C@H](NC(=O)c2cccc(-n3ccnc3)c2)C(=O)N2C[C@H](Cl)[C@H]3OCC(=O)[C@H]32)CC1,9.4,
CC(C)(C)OC(=O)N[C@H](C(=O)NCC#N)c1ccccc1,5.77,
CC(F)(F)C[C@H](NC(=O)N1CCC2(CCCCC2)CC1)C(=O)NC1(C#N)CC1,8.49,1.0
CCC(C)[C@H](NS(=O)(=O)c1cccc2ccccc12)C(=O)N[C@H](C=O)Cc1cc2ccccc2[nH]1,9.25,2.0
CC(C)(C)OC(=O)NN(C#N)CC(=O)N1CCOCC1,9.11,3.0
CCC[C@H](NC(=O)C1(NC(=O)c2ccc(OC(F)(F)F)cc2)CCCCC1)C(=O)c1nnc(CC)o1,6.33,4.0
N#CCNC(=O)C1(NC(=O)c2ccc(-c3csc(N4CCC(N5CCOCC5)CC4)n3)cc2)CCCCC1,5.19,5.0
N#CCNC(=O)C1(NC(=O)c2ccc(-c3ccc(C4(F)CCNCC4)cc3)cc2)CCCCC1,5.1,6.0
CN1CCC(Oc2ccc(-c3ccc(C(=O)NC4(C(=O)NCC#N)CCCCC4)cc3)cc2)CC1,4.92,7.0
CCC[C@H](NC(=O)OC(C)(C)C)C(=O)NCC#N,6.05,8.0
CC(F)(F)C[C@H](NC(=O)N1CCC2(CCCCC2)C1)C(=O)NC1(C#N)CC1,8.15,9.0
N#CCNC(=O)[C@H](Cc1ccccc1)NC(=O)c1ccc(-c2ccccc2)cc1,6.62,10.0
C[C@@H](CNc1ccc(OC(F)(F)F)cc1)NC(=O)[C@H](CC1CCCCC1)NC(=O)[C@H]1CCCO1,7.75,11.0
CC(C)C[C@H](NC(=O)c1cccc2ccccc12)C(=O)N[C@H]1CCCN(S(=O)(=O)c2ccccn2)CC1=O,8.24,12.0
COC(=O)c1ccc2nc(N[C@@H](CC3CCCCC3)C(=O)NCCNc3ccc(F)cc3)oc2c1,7.37,13.0
C[C@@H](OCc1ccccc1)[C@@H](C#N)NC(=O)[C@H](Cc1cccc(Br)c1)NC(=O)Cc1ccc(-c2ccccc2)cc1,6.3,14.0
CC(C)(C)OC(=O)N[C@@H](Cc1ccco1)C(=O)NCC#N,5.55,15.0
CCC[C@@H](CNc1ccc(OC(F)(F)F)cc1)NC(=O)O[C@@H](CC1CCCCC1)C(=O)N1CCOCC1,7.8,16.0
CC(C)CC(C(=O)NCC#N)c1cccc(-c2cccc(-c3csc(N4CCNCC4)n3)c2)c1,5.25,17.0
CC(C)C[C@H](NC(=O)c1ccc(-c2noc(-c3cccs3)n2)cc1)C(=O)NCC#N,6.85,18.0
N#CC1(NC(=O)C2(NC(=O)N3CCC4(CCCC4)CC3)CCCCC2)CC1,7.28,19.0
CN(C#N)N(C)C(=O)CNC(=O)OCc1ccccc1,6.1,20.0
COc1cccc(C(=O)N[C@@H](CCC2CCCCC2)C(=O)N[C@@H](COCc2ccccc2)CN2CCc3cc(F)ccc32)c1,7.64,21.0
N#CCNC(=O)C1(NC(=O)c2ccc(-c3csc(N4CCC(N5CCCCC5)CC4)n3)cc2)CCCCC1,4.38,22.0
N#CCNC(=O)C1(NC(=O)c2ccc(-c3ccc(S(=O)(=O)N4CCNCC4)cc3)cc2)CCCCC1,5.04,23.0
CC(C)(C)OC(=O)N[C@@H](Cc1ccc(Br)cc1)C(=O)NCC#N,6.72,24.0
COc1ccc(NCCNC(=O)[C@H](CC2CCCCC2)Nc2nc3ccccc3o2)cc1,7.54,25.0
CC(C)CS(=O)(=O)CC(NC(=O)c1ccc(-c2cccs2)s1)C(=O)NCC#N,7.03,26.0
CN1CCC(N(C)c2ccc(-c3ccc(C(=O)NC4(C(=O)NCC#N)CCCCC4)cc3)cc2)C1,5.06,27.0
CC(C)N(C)C1CCN(c2nc(-c3ccc(C(=O)NC4(C(=O)NCC#N)CCCCC4)cc3)cs2)CC1,5.5,28.0
N#CCNC(=O)C1(NC(=O)c2ccc(-c3ccc(N4CCNCC4)cc3)cc2)CCCCC1,5.31,29.0
C[C@@H](CN1CC(C)(C)c2cc(F)ccc21)NC(=O)O[C@@H](CC1CCCCC1)C(=O)N1CCOCC1,7.72,30.0
Cc1cccc(C(=O)N[C@@H](CC(C)C)C(=O)NCCN2CCc3cc(Cl)ccc32)c1,6.71,31.0
COc1cccc(C(=O)N[C@@H](CCC2CCCCC2)C(=O)N[C@H](CN2CCc3cc(F)ccc32)[C@@H](C)O)c1,8.1,32.0
CCC[C@H](NC(=O)[C@H](CC(C)C)NCC(F)(F)F)C(=O)c1nnc(-c2ccco2)o1,6.62,33.0
C[C@H]1CC[C@H]([C@H](NC(=O)c2cccc(-n3cnnn3)c2)C(=O)N2CC[C@H]3OCC(=O)[C@H]32)CC1,7.1,34.0
O=C(N[C@@H](CCc1ccccc1)CNc1ccc(OC(F)(F)F)cc1)O[C@@H](CC1CCCCC1)C(=O)N1CCOCC1,7.75,35.0
N#CCNC(=O)C1(NC(=O)c2ccc(Br)s2)CCCCC1,5.85,36.0
O=C(N[C@@H](CC1CCCCC1)C(=O)NCCNc1ccc(OC(F)(F)F)cc1)c1ccco1,7.33,37.0
CSCC[C@H](NC(=O)[C@@H]1CCCN1C(=O)[C@H](Cc1c[nH]cn1)NC(=O)[C@H](Cc1c[nH]c2ccccc12)NC(=O)[C@H](CCCNC(=N)N)NC(=O)CNC(C)=O)C(=O)NNC(=O)N[C@@H](C)C(=O)N1CCC[C@H]1C(=O)N[C@@H](Cc1c[nH]c2ccccc12)C(=O)N[C@@H](CCC(=O)O)C(=O)N[C@H](C)C(=O)N[C@H](CCCNC(=N)N)C(N)=O,7.58,38.0
CC(C)C[C@H](NC(=O)c1ccc(-c2noc(-c3cccs3)n2)cc1)C(=O)N(C)N(C)C#N,9.82,39.0
CC(C)(C)OC(=O)N[C@@H](Cc1ccc(-c2ccccc2)cc1)C(=O)NCC#N,6.36,40.0
N#CCNC(=O)C1(NC(=O)c2ccc(-c3ccc(S(=O)(=O)N4CCN(CC(F)(F)F)CC4)cc3)cc2)CCCCC1,5.26,41.0
COc1cccc(C(=O)N[C@@H](CCC2CCCCC2)C(=O)N[C@@H](CCO)CN2CCc3cc(F)ccc32)c1,6.68,42.0
COc1cccc(C(=O)N[C@@H](CCC2CCCCC2)C(=O)NCCN2CCc3cc(F)ccc32)c1,5.67,43.0
CC(C)(C)OC(=O)N[C@@H](Cc1ccccc1F)C(=O)NCC#N,6.11,44.0
COc1cccc(C(=O)N[C@@H](CCC2CCCCC2)C(=O)N[C@@H](CCN2CCOCC2)CN2CCc3cc(F)ccc32)c1,8.15,45.0
CC(F)(F)C[C@H](NC(=O)N1CCC2(CC1)OCCO2)C(=O)NC1(C#N)CC1,7.89,46.0
N#CCNC(=O)C1(NC(=O)c2ccc(Br)cc2)CCCCC1,5.0,47.0
O=C(N[C@@H](Cc1ccccc1)C(=O)N[C@H]1CCCN(S(=O)(=O)c2ccccn2)CC1=O)c1cc2ccccc2o1,8.05,48.0
CCC[C@H](NC(=O)OC(C)(C)C)C(=O)c1nnc(-c2ccccc2OC)o1,4.72,49.0
C[C@@H](OCc1ccccc1)[C@@H](C#N)NC(=O)[C@H](Cc1cccc(Cl)c1)NC(=O)c1cccc(-c2cncnc2)c1,7.8,50.0
CCC(CC)C(=O)Nc1ccc(C(=O)NC2(C(=O)NCC#N)CCCCC2)cc1F,5.4,51.0
CC(F)(F)C[C@H](NC(=O)N1CCC2(CC1)CC2)C(=O)NC1(C#N)CC1,8.3,52.0
COc1c(C)cc(NCCNC(=O)[C@H](CC(C)C)NC(=O)c2cccc(C)c2)cc1C,6.97,53.0
CS(=O)(=O)CC[C@@H](CNc1ccc(OC(F)(F)F)cc1)NC(=O)[C@H](CC1CCCCC1)NC(=O)N1CCOCC1,8.3,54.0
CC(C)(C)OC(=O)N[C@@H](Cc1cccc(Br)c1)C(=O)NCC#N,6.47,55.0
C[C@@H](OCc1ccccc1)[C@@H](C#N)NC(=O)[C@H](Cc1cccc(Br)c1)NC(=O)c1cc(C(C)(C)C)nn1C,6.8,56.0
O=C(N[C@H](C(=O)N1C[C@H](Cl)[C@H]2OCC(=O)[C@H]21)C1CCCCC1)c1ccccc1,8.07,57.0
C[C@@H](CN1C(=O)Cc2cc(F)ccc21)NC(=O)[C@H](CC1CCCCC1)Nc1nc2cccc(Cl)c2o1,4.91,58.0
O=C(N[C@H](C(=O)N1CC[C@H]2OCC(=O)[C@H]21)C1CCCCC1)c1ccccc1,6.65,59.0
C[C@@H](CNc1ccc(OC(F)(F)F)cc1)NC(=O)[C@H](CC1CCCC1)NC(=O)N1CCOCC1,7.31,60.0
CC(C)(C)OC(=O)N[C@@H](Cc1csc2ccccc12)C(=O)NCC#N,6.52,61.0
CC(C)CS(=O)(=O)CC(NC(=O)c1ccc(-c2cccs2)cc1)C(=O)NCC#N,6.7,62.0
O=C(NCCNc1ccc(F)cc1)[C@H](CC1CCCCC1)Nc1nc2ccc(Cl)cc2o1,7.03,63.0
CC(C)(C)OC(=O)N[C@@H](COCc1ccccc1)C(=O)NCC#N,5.66,64.0
C[C@@H](OCc1ccccc1)[C@@H](C#N)NC(=O)[C@H](Cc1cccc(Cl)c1)NC(=O)c1ccc(-c2ccccc2)cc1,7.1,65.0
O=C(NCCNc1ccc(OC(F)(F)F)cc1)[C@H](CC1CCCCC1)NC(=O)[C@H]1CCCO1,6.18,66.0
C[C@@H](CN1CCc2cc(F)ccc21)NC(=O)[C@H](CC1CCCCC1)Nc1nc2ccc(Cl)cc2o1,6.82,67.0
COc1ccc(NCCNC(=O)[C@H](CC(C)C)NC(=O)c2cccc(C)c2)cc1,7.21,68.0
CCCC[C@@H](C#N)n1cc([C@@](C)(NC(=O)c2ccsc2)C2CCCCC2)nn1,7.75,69.0
C[C@@H](CN1CCc2cc(F)ccc21)NC(=O)[C@H](CC1CCCCC1)Nc1nc2cccc(Cl)c2o1,7.82,70.0
C[C@H]1CC[C@H]([C@H](NC(=O)c2cccc(-n3cnnn3)c2)C(=O)N2C[C@H](F)[C@H]3OCC(=O)[C@H]32)CC1,7.62,71.0
C[C@@H](CNc1ccc(OC(F)(F)F)cc1)NC(=O)O[C@@H](Cc1ccccc1)C(=O)N1CCOCC1,4.9,72.0
COc1ccc(NC[C@H](C)NC(=O)[C@H](CC2CCCCC2)Nc2nc3cccc(Cl)c3o2)cc1,9.0,73.0
O=C(N[C@H](C(=O)N1C[C@H](F)[C@H]2OCC(=O)[C@H]21)C1CCCCC1)c1cccc(-n2cnnn2)c1,7.3,74.0
CC(C)(C)OC(=O)N[C@@H](Cc1cccc(-c2ccccc2)c1)C(=O)NCC#N,6.57,75.0
Cc1cccc(C(=O)N[C@@H](CC(C)C)C(=O)NCCN2CCc3cc(F)ccc32)c1,7.01,76.0
Cc1cccc(C(=O)N[C@@H](CC(C)C)C(=O)NCCN2CCc3ccccc32)c1,6.64,77.0
C[C@@H](CNc1ccc(OC(F)(F)F)cc1)NC(=O)[C@H](CC1CCCCC1)NC(=O)N1CCOCC1,7.96,78.0
CC(C)C[C@H](NC(=O)c1cc2ccccc2o1)C(=O)N[C@H]1CC[C@@H](C)N(S(=O)(=O)c2ccccn2)CC1=O,8.8,79.0
C#Cc1ccc(C(=O)NC2(C(=O)NCC#N)CCCCC2)cc1,4.82,80.0
CC(C[C@H](NC(=O)OCc1ccccc1)C(=O)NCC#N)C(F)(F)F,6.4,81.0
C[C@@H](CN1CCc2cc(F)ccc21)NC(=O)O[C@@H](CC1CCCCC1)C(=O)N1CCOCC1,6.65,82.0
CC(C)C[C@H](NC(=O)OCc1ccccc1)C(=O)NC1CCN(C(=O)[C@H](CC(C)C)NC(=O)OCc2ccccc2)CC1=O,8.1,83.0
COc1cccc(C(=O)N[C@@H](CC(C)(C)C)C(=O)N[C@@H](CCS(C)(=O)=O)CN2CCc3cc(F)ccc32)c1,7.85,84.0
CC[C@@H](C)[C@H](NC(=O)OC(C)(C)C)C(=O)NCC#N,5.39,85.0
O=C(N[C@H](C(=O)N1CC[C@H]2OCC(=O)[C@H]21)C1CCCCC1)c1cccc(-n2cnnn2)c1,6.77,86.0
CC(C)(C)N1CCN(c2ccc(-c3ccc(C(=O)NC4(C(=O)NCC#N)CCCCC4)cc3)cc2)CC1,5.1,87.0
CC(C)C[C@@H](C#N)NC(=O)[C@H](CC(C)C)NC(=O)[C@H](CC(C)C)NC(=O)OCc1ccccc1,7.34,88.0
COc1cccc(C(=O)N[C@@H](CCC2CCCCC2)C(=O)N[C@@H](CC(=O)O)CN2CCc3cc(F)ccc32)c1,7.06,89.0
N#CCNC(=O)C1(NC(=O)c2cccc(Br)c2)CCCCC1,5.21,90.0
CCC[C@H](NC(=O)C1(NC(=O)c2ccc(OC(F)(F)F)cc2)CCCCC1)C(=O)c1nnc(C(C)C)o1,6.1,91.0
N#CCNC(=O)C1(NC(=O)c2ccc(-c3ccc(OC4CCN(CCO)CC4)cc3)cc2)CCCCC1,4.8,92.0
CN(C(=O)OC(C)(C)C)N(C#N)CC(=O)N1CCOCC1,6.1,93.0
CC(C)NC1CCN(c2nc(-c3ccc(C(=O)NC4(C(=O)NCC#N)CCCCC4)cc3)cs2)CC1,4.48,94.0
CN(C#N)N(C)C(=O)[C@H](CC1CCCCC1)NC(=O)OCc1ccccc1,9.7,95.0
CSCC[C@H](NC(=O)OC(C)(C)C)C(=O)NCC#N,6.18,96.0
CCC[C@H](NC(=O)OC(C)(C)C)C(=O)c1nnc(-c2cccs2)o1,4.92,97.0
CN(C)c1ccc(-c2ccc(C(=O)NC3(C(=O)NCC#N)CCCCC3)cc2)cc1,5.24,98.0
N#CCNC(=O)[C@H](Cc1ccccc1)NC(=O)c1ccccc1,7.11,99.0
CCCC(F)(F)C[C@H](NC(=O)N1CCC2(CC1)CCN(C1CC1)CC2)C(=O)NC1(C#N)CC1,8.7,100.0
C[C@@H](CN1CCc2cc(F)ccc21)NC(=O)[C@H](CC1CCCCC1)NC(=O)N1CCOCC1,7.06,101.0
C[C@@H](CN1CC(C)(C)c2cc(F)ccc21)NC(=O)[C@H](CC1CCCCC1)Nc1nc2cccc(Cl)c2o1,8.52,102.0
O=C(N[C@H](C(=O)N1C[C@H](F)[C@H]2OCC(=O)[C@H]21)C1CCCCC1)c1ccccc1,7.23,103.0
CC(=O)N1CC(=O)C(NC(=O)[C@H](CC(C)C)NC(=O)OCc2ccccc2)C1,6.32,104.0
C[C@H]1CC[C@H]([C@H](NC(=O)c2ccccc2)C(=O)N2C[C@@H](Cl)[C@H]3OCC(=O)[C@H]32)CC1,7.12,105.0
C[C@H]1CC[C@H]([C@H](NC(=O)c2ccccc2)C(=O)N2C[C@H](Cl)[C@H]3OCC(=O)[C@H]32)CC1,8.3,106.0
COCCN1CCN(c2nc(-c3ccc(C(=O)NC4(C(=O)NCC#N)CCCCC4)cc3)cs2)CC1,4.7,107.0
CC(O)[C@H](NC(=O)OCc1ccccc1)C(=O)NCC#N,4.38,108.0
CC(C)CS(=O)(=O)CC(NC(=O)c1ccc(-c2nnn[nH]2)s1)C(=O)NCC#N,7.12,109.0
C[C@@H](OCc1ccccc1)[C@@H](C#N)NC(=O)[C@H](Cc1cccc(Br)c1)NC(=O)c1ccc(-c2ccccc2)cc1,6.3,110.0
CCC[C@H](NC(=O)C1(NC(=O)c2ccc(OC(F)(F)F)cc2)CCCCC1)C(=O)c1nnc(C(C)(C)C)o1,4.77,111.0
CS(=O)(=O)CC[C@@H](CN1CCc2cc(F)ccc21)NC(=O)[C@H](CC1CCCCC1)Nc1nc2ccc(Cl)cc2o1,7.68,112.0
C[C@@H](CNc1ccc(OC(F)(F)F)cc1)NC(=O)O[C@@H](CC(C)(C)C)C(=O)N1CCOCC1,5.98,113.0
CC(C)C[C@H](NC(=O)c1cc2ccccc2o1)C(=O)N[C@@H]1C[C@H](C)CN(S(=O)(=O)c2ccccn2)CC1=O,8.08,114.0
N#CC1(NC(=O)[C@H](CC(F)(F)Cc2ccccc2)NC(=O)N2CCC3(CC2)CCN(C2CC2)CC3)CC1,9.0,115.0
CC(C)C[C@H](NC(=O)c1ccc2ccccc2n1)C(=O)N[C@H]1CCCN(S(=O)(=O)c2ccccn2)CC1=O,7.57,116.0
COc1cccc(C(=O)N[C@@H](CCC2CCCCC2)C(=O)N[C@@H](CC(C)C)CN2CCc3cc(F)ccc32)c1,7.55,117.0
CC(C)(C)OC(=O)N[C@@H](Cc1ccc(O)cc1)C(=O)NCC#N,6.01,118.0
N#CCNC(=O)C1(NC(=O)c2ccc(N3CCOCC3)cc2)CCCCC1,4.38,119.0
N#CCNC(=O)C1(NC(=O)c2ccc(-c3csc(N4CCN(C5CCOCC5)CC4)n3)cc2)CCCCC1,4.77,120.0
CCOC(=O)C[C@@H](CN1CCc2cc(F)ccc21)NC(=O)[C@H](CCC1CCCCC1)NC(=O)c1cccc(OC)c1,7.8,121.0
CC(C)(C)OC(=O)N[C@@H](Cc1ccccc1)C(=O)NCC#N,6.21,122.0
CC(C)C[C@H](NC(=O)OC(C)(C)C)C(=O)NCC#N,6.89,123.0
CC(C)C[C@H](NC(=O)c1ccc2ccccc2n1)C(=O)NC1COCC1=O,5.96,124.0
CC(C)C[C@H](NC(=O)c1cc2ccccc2o1)C(=O)N[C@H]1C[C@H](C)CN(S(=O)(=O)c2ccccn2)CC1=O,8.24,125.0
CC(C)C[C@H](NC(=O)OCc1ccccc1)C(=O)NC1CCOCC1=O,6.28,126.0
N#CCNC(=O)[C@H](Cc1ccc2ccccc2c1)NC(=O)OCc1ccccc1,6.75,127.0
CCCC[C@H](NC(=O)OC(C)(C)C)C(=O)NCC#N,6.26,128.0
N#CC1(NC(=O)[C@H](CC(F)(F)Cc2ccccc2)NC(=O)N2CCC3(CC2)CC3)CC1,9.52,129.0
C[C@H](NC(=O)OCc1ccccc1)C(=O)N(C)N(C)C#N,8.04,130.0
CC(C)(C)OC(=O)N[C@@H](Cc1cccc2ccccc12)C(=O)NCC#N,5.89,131.0
CC[C@H](C)[C@H](NC(=O)OCc1ccccc1)C(=O)NCC#N,4.85,132.0
CC(C)C[C@H](NC(=O)c1cc2ccccc2o1)C(=O)N[C@@H]1CC[C@H](C)N(S(=O)(=O)c2ccccn2)CC1=O,6.96,133.0
C#C[C@@H]1CN(C(=O)[C@H](CC(C)C)NC(=O)c2ccc(-c3csc(N4CCN(C)CC4)n3)cc2)[C@@H]2C(=O)CO[C@@H]21,4.6,134.0
O=C(NCCN1CCc2cc(F)ccc21)[C@H](CC1CCCCC1)Nc1nc2ccccc2o1,6.65,135.0
Cc1cccc(C(=O)N[C@@H](CC(C)C)C(=O)NCCNc2ccc(F)cc2)c1,6.25,136.0
CC(C)CS(=O)(=O)CC(NC(=O)c1cc2ccsc2s1)C(=O)NCC#N,7.0,137.0
C[C@@H](OCc1ccccc1)[C@@H](C#N)NC(=O)[C@H](Cc1cccc(Cl)c1)NS(=O)(=O)c1cccc(-c2ccccc2)c1,6.2,138.0
N#CCNC(=O)CNS(=O)(=O)c1ccc2ccccc2c1,5.6,139.0
CC(C)(C)OC(=O)N[C@H](Cc1ccccc1)C(=O)NCC#N,4.34,140.0
COc1cccc(C(=O)N[C@@H](CCC2CCCCC2)C(=O)N[C@@H](CCCN)CN2CCc3cc(F)ccc32)c1,7.12,141.0
N#CCNC(=O)C1(NC(=O)c2ccc(-c3csc(CN4CCOCC4)n3)cc2)CCCCC1,6.6,142.0
CSCC[C@H](NC(=O)[C@@H]1CCCN1C(=O)[C@H](Cc1c[nH]cn1)NC(=O)[C@H](Cc1c[nH]c2ccccc12)NC(=O)[C@H](CCCNC(=N)N)NC(=O)CNC(C)=O)C(=O)NCc1cn([C@@H](C)C(=O)N2CCC[C@H]2C(=O)N[C@@H](Cc2c[nH]c3ccccc23)C(=O)N[C@@H](CCC(=O)O)C(=O)N[C@H](C)C(=O)N[C@H](CCCNC(=N)N)C(N)=O)nn1,4.38,143.0
CC(C)CS(=O)(=O)CC(NC(=O)c1ccccc1)C(=O)NCC#N,7.4,144.0
N#CCNC(=O)C1(NC(=O)c2ccc(-c3ccc(-c4ccno4)cc3)cc2)CCCCC1,5.6,145.0
CC(=O)CNC(=O)[C@H](Cc1ccccc1)NC(=O)OC(C)(C)C,5.68,146.0
CN1CCC(c2nc(-c3ccc(C(=O)NC4(C(=O)NCC#N)CCCCC4)cc3)cs2)CC1,4.7,147.0
N#CCNC(=O)C1(NC(=O)c2ccc(N)cc2)CCCCC1,5.19,148.0
CN1CCN(Cc2nc(-c3ccc(C(=O)NC4(C(=O)NCC#N)CCCCC4)cc3)cs2)CC1,4.38,149.0
CC(C)CS(=O)(=O)CC(NC(=O)c1ccc(-c2ccsc2)s1)C(=O)NCC#N,7.21,150.0
CCC[C@H](NC(=O)OC(C)(C)C)C(=O)c1nnc(-c2ccc(N(C)C)cc2)o1,4.55,151.0
CC(C)C[C@@H](C(=O)NCC#N)c1cccc(-c2cccc(-c3csc(CN4CCNCC4)n3)c2)c1,5.13,152.0
N#CCNC(=O)C1(NC(=O)c2ccc(-c3ccccc3)cc2)CCCCC1,5.06,153.0
O=C(NCCNc1ccc(F)cc1)[C@H](CC1CCCCC1)Nc1nc2ccccc2o1,7.03,154.0
CC1CCC([C@H](NC(=O)c2ccccc2)C(=O)N2CC[C@H]3OCC(=O)[C@H]32)CC1,7.14,155.0
CC(F)(F)C[C@H](NC(=O)N1CCC2(CC1)CC(=O)N(CC1CC1)C2)C(=O)NC1(C#N)CC1,8.05,156.0
CC(C)C[C@H](NC(=O)OCc1ccccc1)C(=O)NC1COCC1=O,6.51,157.0
CCCC[C@@H](C#N)n1cc([C@@](C)(NC(=O)c2ccccc2)C(C)C)nn1,5.92,158.0
CCCC[C@@H](C#N)n1cc([C@@](C)(NC(=O)c2ccsc2)C2CCC(C)CC2)nn1,7.82,159.0
C[C@@H](OCc1ccccc1)[C@@H](C#N)NC(=O)[C@H](Cc1cccc(Cl)c1)NC(=O)c1cccc(Br)c1,7.8,160.0
C[C@@H](CNc1ccc(OC(F)(F)F)cc1)NC(=O)[C@H](CC1CCCCC1)NC(=O)C1CCOC1,7.68,161.0
O=C(N[C@@H](CC1CCCCC1)C(=O)NCCNc1ccc(OC(F)(F)F)cc1)C1CCOC1,6.67,162.0
COc1cccc(C(=O)N[C@@H](CCC2CCCCC2)C(=O)N[C@H](CN2CCc3cc(F)ccc32)[C@@H](C)OCc2ccccc2)c1,7.82,163.0
C[C@@H](OCc1ccccc1)[C@@H](C#N)NC(=O)[C@H](Cc1cccc(Cl)c1)NS(=O)(=O)c1cccc(Br)c1,7.1,164.0
O=C(N[C@@H](CC1CCCCC1)C(=O)N1CC[C@H]2OCC(=O)[C@H]21)c1ccccc1,6.26,165.0
CC(C)C[C@H](NC(=O)OCc1ccccc1)C(=O)N(C)N(C)C#N,9.48,166.0
CC(C)CS(=O)(=O)C[C@H](NC(=O)c1ccccc1)C(=O)NCC#N,7.48,167.0
N#CCNC(=O)C1(NC(=O)c2cccc(-c3ccccc3)c2)CCCCC1,5.72,168.0
CC(C)C[C@@H](C(=O)NCC#N)c1cccc(-c2ccc(N3CCNCC3)cc2)c1,5.77,169.0
O=C(N[C@@H](Cc1ccc2ccccc2c1)C(=O)N[C@H]1CCCN(S(=O)(=O)c2ccccn2)CC1=O)c1cccc2ccccc12,7.81,170.0
C[C@@H](CNc1ccc(OC(F)(F)F)cc1)NC(=O)[C@H](CS(=O)(=O)Cc1ccccc1)NC(=O)N1CCOCC1,7.5,171.0
COc1cccc(C(=O)N[C@@H](CCC2CCCCC2)C(=O)N[C@@H](CO)CN2CCc3cc(F)ccc32)c1,7.3,172.0
O=C(NCCN1CCc2cc(F)ccc21)O[C@@H](CC1CCCCC1)C(=O)N1CCOCC1,5.53,173.0
CCCC[C@H](NC(=O)OCc1ccccc1)C(=O)NCC#N,6.07,174.0
CC(C)(C)OC(=O)N[C@@H](Cc1ccccc1Br)C(=O)NCC#N,6.21,175.0
N#CCNC(=O)C1(NC(=O)c2ccc(-c3csc(N4CCOCC4)n3)cc2)CCCCC1,4.89,176.0
C[C@@H](CN1c2ccc(F)cc2CC1(C)C)NC(=O)[C@H](CC1CCCCC1)NC(=O)N1CCOCC1,6.96,177.0
C[C@@H](CNc1ccc(OC(F)(F)F)cc1)NC(=O)[C@H](CC1CCCCC1)NC(=O)OC1CCOCC1,7.92,178.0
COc1cccc(C(=O)N[C@@H](CCC2CCCCC2)C(=O)N[C@H](CN2CCc3cc(F)ccc32)c2ccccc2)c1,7.17,179.0
CN1CCN(N(C)c2nc(-c3ccc(C(=O)NC4(C(=O)NCC#N)CCCCC4)cc3)cs2)CC1,4.68,180.0
C[C@@H](OCc1ccccc1)[C@@H](C#N)NC(=O)[C@H](Cc1cccc(Br)c1)NC(=O)c1ccc(-c2cncnc2)cc1,7.5,181.0
CC(C)=C[C@@H]1CN(C(=O)[C@H](CC(C)C)NC(=O)c2ccc(-c3nc(N4CCN(C)CC4)sc3F)cc2)[C@@H]2C(=O)CO[C@@H]21,4.84,182.0
O=C(N[C@H](C(=O)N1C[C@H](Cl)[C@H]2OCC(=O)[C@H]21)C1CCCCC1)c1cccc(-n2ccnc2)c1,8.77,183.0
N#CCNC(=O)C1(NC(=O)c2ccc(-c3csc(N4CC[C@@H](N)C4)n3)cc2)CCCCC1,5.35,184.0
N#CCNC(=O)[C@@H](NC(=O)OCc1ccccc1)c1ccccc1,5.46,185.0
O=C(N[C@H](C(=O)N1C[C@H](Cl)[C@H]2OCC(=O)[C@H]21)C1CCCCC1)c1cccc(-n2cnnn2)c1,8.44,186.0
CN(C#N)N(C)C(=O)[C@H](Cc1ccc(O)cc1)NC(=O)OCc1ccccc1,9.07,187.0
N#CCNC(=O)[C@H](Cc1ccccc1)NC(=O)OCc1ccccc1,6.29,188.0
O=C(N[C@H](C(=O)N1C[C@@H](Cl)[C@H]2OCC(=O)[C@H]21)C1CCCCC1)c1cccc(-n2ccnc2)c1,7.5,189.0
O=C(NCCNc1ccc(OC(F)(F)F)cc1)[C@H](CC1CCCCC1)NC(=O)N1CCOCC1,7.0,190.0
O=C(NC(CC1CCCCC1)C(=O)N1CC[C@H]2OCC(=O)[C@H]21)c1ccccc1,6.26,191.0
O=C(NCCNc1ccc(F)cc1)[C@H](CC1CCCCC1)Nc1nc2cc(F)ccc2o1,6.71,192.0
CCC[C@H](NC(=O)Cc1ccccc1)C(=O)c1nnc(-c2ccco2)o1,5.04,193.0
O=C(N[C@@H](Cc1ccc2ccccc2c1)C(=O)N[C@H]1CCCN(S(=O)(=O)c2ccccn2)CC1=O)c1cc2ccccc2o1,8.51,194.0
Cc1ccc(S(=O)(=O)N[C@@H](CC(=O)NCC(C)(C)C)C(=O)N[C@@H](C)C(=O)N[C@@H](CC(C)C)C(=O)c2nnc(-c3ccccc3)o2)cc1,4.41,195.0
CCC[C@H](NC(=O)OCc1ccccc1)C(=O)c1nnc(-c2ccco2)o1,5.7,196.0
C[C@@H](OCc1ccccc1)[C@@H](C#N)NC(=O)[C@H](Cc1cccc(Cl)c1)NC(=O)c1ccc(-c2cncnc2)cc1,7.2,197.0
COc1ccc(NCCNC(=O)[C@H](CC2CCCCC2)NC(=O)c2ccc(-c3cccc(C(F)(F)F)c3)o2)cc1,8.52,198.0
CN(C)c1ccc(C(=O)NC2(C(=O)NCC#N)CCCCC2)cc1,4.46,199.0
CCC[C@H](NC(=O)OCC(C)C)C(=O)c1nnc(-c2ccco2)o1,6.42,200.0
